17.03.2025	1505	1524	1505	1524	
14.03.2025	1493	1505	1491	1505	
13.03.2025	1471	1494	1471	1493	
12.03.2025	1476	1483	1471	1471	
11.03.2025	1486	1491	1471	1476	
10.03.2025	1491	1494	1481	1486	
07.03.2025	1476	1491	1472	1491	
06.03.2025	1473	1486	1468	1476	
05.03.2025	1462	1488	1462	1473	
04.03.2025	1507	1507	1462	1462	
03.03.2025	1494	1514	1494	1507	
28.02.2025	1493	1493	1482	1490	
27.02.2025	1502	1502	1486	1493	
26.02.2025	1494	1502	1494	1502	
25.02.2025	1498	1505	1493	1494	
24.02.2025	1501	1508	1496	1498	
21.02.2025	1494	1507	1493	1500	
20.02.2025	1498	1498	1490	1493	
19.02.2025	1491	1503	1491	1498	
18.02.2025	1491	1497	1485	1491	
17.02.2025	1491	1496	1483	1491	
14.02.2025	1482	1492	1477	1488	
13.02.2025	1485	1486	1469	1482	
12.02.2025	1505	1506	1479	1481	
11.02.2025	1487	1505	1487	1505	
10.02.2025	1485	1496	1485	1487	
07.02.2025	1499	1499	1482	1485	
06.02.2025	1502	1516	1499	1499	
05.02.2025	1510	1518	1500	1502	
04.02.2025	1499	1511	1494	1510	
03.02.2025	1515	1515	1487	1499	
31.01.2025	1522	1523	1512	1515	
30.01.2025	1510	1522	1510	1522	
29.01.2025	1499	1511	1499	1510	
28.01.2025	1492	1506	1488	1498	
27.01.2025	1489	1492	1481	1492	
24.01.2025	1503	1510	1489	1489	
23.01.2025	1489	1503	1488	1503	
22.01.2025	1485	1498	1485	1489	
21.01.2025	1491	1491	1479	1485	
20.01.2025	1493	1496	1491	1491	
17.01.2025	1486	1496	1486	1494	
16.01.2025	1491	1501	1484	1486	
15.01.2025	1477	1492	1477	1491	
14.01.2025	1479	1487	1476	1477	
13.01.2025	1480	1483	1467	1479	
10.01.2025	1473	1485	1472	1480	
09.01.2025	1466	1476	1465	1473	
08.01.2025	1470	1477	1463	1467	
07.01.2025	1461	1470	1455	1470	
06.01.2025	1462	1467	1454	1461	
03.01.2025	1458	1466	1451	1462	
02.01.2025	1425	1461	1425	1458	
31.12.2024	1425	1425	1425	1425	
30.12.2024	1425	1427	1420	1425	
27.12.2024	1408	1427	1408	1425	
24.12.2024	1408	1408	1408	1408	
23.12.2024	1401	1411	1400	1408	
20.12.2024	1406	1407	1393	1401	
19.12.2024	1413	1413	1401	1406	
18.12.2024	1418	1426	1414	1414	
17.12.2024	1430	1430	1417	1418	
16.12.2024	1446	1446	1428	1430	
13.12.2024	1449	1450	1442	1446	
12.12.2024	1448	1457	1445	1449	
11.12.2024	1447	1456	1441	1448	
10.12.2024	1455	1455	1444	1447	
09.12.2024	1450	1459	1450	1455	
06.12.2024	1472	1473	1449	1450	
05.12.2024	1474	1477	1468	1472	
04.12.2024	1469	1481	1469	1473	
03.12.2024	1455	1472	1454	1469	
02.12.2024	1454	1458	1452	1455	
29.11.2024	1457	1458	1452	1454	
28.11.2024	1458	1461	1453	1457	
27.11.2024	1452	1459	1449	1457	
26.11.2024	1472	1472	1452	1452	
25.11.2024	1469	1480	1469	1472	
22.11.2024	1465	1471	1462	1469	
21.11.2024	1452	1466	1451	1465	
20.11.2024	1443	1459	1443	1452	
19.11.2024	1442	1445	1433	1443	
18.11.2024	1448	1448	1432	1442	
15.11.2024	1427	1446	1419	1445	
14.11.2024	1403	1428	1403	1426	
13.11.2024	1411	1413	1402	1402	
12.11.2024	1420	1420	1409	1411	
11.11.2024	1417	1428	1417	1420	
08.11.2024	1422	1427	1414	1416	
07.11.2024	1414	1428	1414	1421	
06.11.2024	1433	1439	1413	1414	
05.11.2024	1426	1434	1419	1433	
04.11.2024	1435	1438	1427	1427	
01.11.2024	1432	1440	1429	1433	
31.10.2024	1450	1450	1428	1431	
30.10.2024	1450	1455	1447	1450	
29.10.2024	1451	1461	1449	1449	
28.10.2024	1462	1462	1440	1450	
25.10.2024	1446	1461	1446	1461	
24.10.2024	1440	1453	1439	1446	
23.10.2024	1444	1448	1435	1440	
22.10.2024	1439	1448	1439	1444	
21.10.2024	1434	1446	1434	1439	
18.10.2024	1444	1449	1433	1434	
17.10.2024	1442	1449	1437	1444	
16.10.2024	1438	1444	1436	1442	
15.10.2024	1450	1451	1433	1438	
14.10.2024	1449	1452	1445	1450	
11.10.2024	1444	1451	1439	1449	
10.10.2024	1432	1444	1432	1444	
09.10.2024	1424	1432	1423	1432	
08.10.2024	1442	1442	1424	1424	
07.10.2024	1450	1452	1437	1442	
04.10.2024	1436	1451	1435	1449	
03.10.2024	1438	1439	1428	1436	
02.10.2024	1425	1442	1424	1438	
01.10.2024	1416	1430	1413	1425	
30.09.2024	1407	1418	1406	1416	
27.09.2024	1394	1408	1394	1407	
26.09.2024	1405	1407	1392	1394	
25.09.2024	1413	1414	1402	1404	
24.09.2024	1412	1423	1411	1412	
23.09.2024	1407	1414	1402	1412	
20.09.2024	1411	1417	1404	1407	
19.09.2024	1401	1423	1401	1411	
18.09.2024	1405	1405	1398	1400	
17.09.2024	1411	1416	1403	1405	
16.09.2024	1407	1412	1400	1411	
13.09.2024	1395	1407	1395	1407	
12.09.2024	1382	1402	1382	1395	
11.09.2024	1379	1392	1379	1381	
10.09.2024	1393	1403	1379	1379	
09.09.2024	1386	1394	1383	1393	
06.09.2024	1394	1394	1381	1386	
05.09.2024	1397	1397	1390	1394	
04.09.2024	1397	1402	1381	1397	
03.09.2024	1429	1432	1397	1397	
02.09.2024	1440	1441	1428	1429	
30.08.2024	1433	1445	1432	1439	
29.08.2024	1431	1434	1423	1433	
28.08.2024	1438	1439	1429	1431	
27.08.2024	1444	1446	1437	1438	
26.08.2024	1435	1447	1434	1444	
23.08.2024	1425	1435	1424	1434	
22.08.2024	1426	1429	1418	1425	
21.08.2024	1429	1432	1425	1426	
20.08.2024	1449	1449	1427	1429	
19.08.2024	1443	1449	1436	1449	
16.08.2024	1442	1448	1437	1443	
15.08.2024	1437	1444	1432	1438	
14.08.2024	1428	1437	1428	1437	
13.08.2024	1428	1434	1425	1428	
12.08.2024	1413	1430	1413	1428	
09.08.2024	1403	1419	1403	1413	
08.08.2024	1401	1405	1390	1403	
07.08.2024	1374	1403	1374	1401	
06.08.2024	1362	1392	1362	1374	
05.08.2024	1409	1409	1347	1362	
02.08.2024	1451	1451	1409	1409	
01.08.2024	1459	1467	1450	1452	
31.07.2024	1444	1464	1444	1459	
30.07.2024	1445	1446	1440	1444	
29.07.2024	1435	1450	1435	1445	
26.07.2024	1429	1444	1429	1434	
25.07.2024	1441	1441	1420	1429	
24.07.2024	1447	1448	1439	1440	
23.07.2024	1453	1455	1445	1447	
22.07.2024	1443	1454	1440	1453	
19.07.2024	1444	1447	1439	1443	
18.07.2024	1432	1446	1431	1444	
17.07.2024	1427	1432	1422	1432	
16.07.2024	1427	1429	1421	1425	
15.07.2024	1434	1436	1423	1427	
12.07.2024	1416	1436	1416	1434	
11.07.2024	1406	1415	1405	1415	
10.07.2024	1401	1409	1401	1406	
09.07.2024	1409	1411	1401	1401	
08.07.2024	1419	1419	1407	1409	
05.07.2024	1426	1434	1419	1419	
04.07.2024	1428	1429	1426	1426	
03.07.2024	1428	1435	1426	1428	
02.07.2024	1428	1433	1424	1428	
01.07.2024	1422	1434	1421	1428	
28.06.2024	1416	1426	1415	1422	
27.06.2024	1409	1418	1409	1416	
26.06.2024	1410	1422	1407	1409	
25.06.2024	1417	1421	1407	1410	
24.06.2024	1407	1418	1399	1417	
21.06.2024	1409	1410	1402	1407	
20.06.2024	1405	1410	1401	1409	
19.06.2024	1403	1409	1402	1404	
18.06.2024	1394	1406	1394	1403	
17.06.2024	1392	1399	1386	1394	
14.06.2024	1400	1407	1390	1392	
13.06.2024	1415	1415	1399	1400	
12.06.2024	1407	1418	1407	1414	
11.06.2024	1420	1424	1403	1407	
10.06.2024	1423	1424	1413	1419	
07.06.2024	1419	1423	1413	1423	
06.06.2024	1414	1420	1414	1417	
05.06.2024	1415	1422	1413	1413	
04.06.2024	1442	1442	1408	1415	
03.06.2024	1441	1457	1441	1442	
31.05.2024	1428	1443	1428	1441	
30.05.2024	1424	1436	1415	1428	
29.05.2024	1435	1440	1422	1424	
28.05.2024	1434	1437	1432	1434	
27.05.2024	1424	1435	1421	1434	
24.05.2024	1425	1426	1415	1423	
23.05.2024	1418	1429	1415	1425	
22.05.2024	1426	1427	1416	1418	
21.05.2024	1416	1428	1416	1425	
16.05.2024	1410	1419	1408	1416	
15.05.2024	1420	1426	1409	1409	
14.05.2024	1416	1419	1412	1417	
13.05.2024	1419	1419	1409	1416	
10.05.2024	1398	1421	1398	1419	
08.05.2024	1400	1400	1392	1398	
07.05.2024	1390	1397	1388	1394    
06.05.2024	1372	1390	1372	1390	
03.05.2024	1365	1379	1364	1371	
02.05.2024	1372	1372	1354	1365	
30.04.2024	1379	1382	1370	1371	
29.04.2024	1369	1370	1360	1368	
26.04.2024	1359	1368	1357	1366	
25.04.2024	1353	1365	1351	1359	
24.04.2024	1340	1353	1340	1353	
23.04.2024	1340	1342	1334	1340	
22.04.2024	1341	1345	1338	1340	
19.04.2024	1345	1346	1327	1341	
18.04.2024	1348	1348	1335	1343	
17.04.2024	1343	1354	1343	1348	
16.04.2024	1362	1362	1343	1343	
15.04.2024	1376	1379	1359	1362	
12.04.2024	1356	1378	1356	1376	
11.04.2024	1357	1367	1355	1355	
10.04.2024	1353	1363	1346	1357	
09.04.2024	1351	1359	1350	1353	
08.04.2024	1352	1358	1351	1351	
05.04.2024	1351	1355	1346	1352	
04.04.2024	1349	1352	1348	1350	
03.04.2024	1343	1349	1340	1349	
02.04.2024	1328	1352	1328	1343	
27.03.2024	1322	1329	1321	1328	
26.03.2024	1323	1326	1319	1322	
25.03.2024	1319	1324	1316	1323	
22.03.2024	1310	1323	1309	1319	
21.03.2024	1305	1317	1305	1311	
20.03.2024	1303	1308	1298	1304	
19.03.2024	1301	1311	1300	1303	
18.03.2024	1293	1305	1293	1300	
15.03.2024	1291	1300	1291	1293	
14.03.2024	1292	1295	1289	1291	
13.03.2024	1279	1291	1278	1291	
12.03.2024	1268	1281	1268	1279	
11.03.2024	1279	1280	1265	1268	
08.03.2024	1275	1283	1275	1279	
07.03.2024	1274	1277	1269	1275	
06.03.2024	1275	1283	1273	1274	
05.03.2024	1270	1278	1264	1275	
04.03.2024	1275	1280	1268	1269	
01.03.2024	1267	1281	1267	1275	
29.02.2024	1264	1269	1259	1266	
28.02.2024	1260	1266	1257	1264	
27.02.2024	1262	1264	1256	1260	
26.02.2024	1261	1264	1257	1262	
23.02.2024	1264	1268	1255	1261	
22.02.2024	1260	1270	1260	1264	
21.02.2024	1264	1264	1254	1260	
20.02.2024	1267	1267	1256	1263	
19.02.2024	1264	1269	1262	1267	
16.02.2024	1252	1267	1252	1264	
15.02.2024	1251	1256	1243	1252	
14.02.2024	1243	1253	1231	1250	
13.02.2024	1252	1253	1239	1240	
12.02.2024	1241	1253	1241	1251	
09.02.2024	1237	1245	1236	1240	
08.02.2024	1247	1249	1236	1237	
07.02.2024	1273	1273	1247	1247	
06.02.2024	1264	1274	1264	1273	
05.02.2024	1272	1276	1264	1264	
02.02.2024	1279	1280	1269	1272	
01.02.2024	1278	1282	1273	1279	
31.01.2024	1283	1285	1277	1278	
30.01.2024	1290	1290	1282	1283	
29.01.2024	1293	1301	1288	1290	
26.01.2024	1285	1295	1283	1294	
25.01.2024	1286	1294	1280	1285	
24.01.2024	1285	1289	1283	1286	
23.01.2024	1278	1286	1274	1284	
22.01.2024	1278	1281	1272	1278	
19.01.2024	1276	1290	1276	1278	
18.01.2024	1271	1279	1271	1276	
17.01.2024	1284	1284	1265	1271	
16.01.2024	1286	1290	1274	1284	
15.01.2024	1299	1301	1284	1286	
12.01.2024	1290	1305	1289	1299	
11.01.2024	1297	1302	1290	1290	
10.01.2024	1303	1305	1294	1297	
09.01.2024	1304	1315	1301	1303	
08.01.2024	1318	1318	1301	1304	
05.01.2024	1323	1323	1313	1318	
04.01.2024	1307	1328	1307	1323	
03.01.2024	1307	1307	1299	1307	
02.01.2024	1307	1317	1303	1307	
29.12.2023	1304	1309	1303	1307	
28.12.2023	1307	1308	1300	1304	
27.12.2023	1295	1310	1295	1307	
22.12.2023	1293	1298	1292	1295	
21.12.2023	1297	1297	1287	1293	
20.12.2023	1300	1309	1297	1297	
19.12.2023	1309	1309	1298	1300	
18.12.2023	1297	1313	1297	1309	
15.12.2023	1304	1314	1296	1296	
14.12.2023	1290	1314	1290	1304	
13.12.2023	1292	1293	1278	1290	
12.12.2023	1299	1304	1287	1291	
11.12.2023	1294	1299	1292	1299	
08.12.2023	1288	1295	1284	1294	
07.12.2023	1291	1292	1285	1288	
06.12.2023	1292	1299	1289	1291	
05.12.2023	1290	1299	1288	1292	
04.12.2023	1304	1304	1288	1290	
01.12.2023	1304	1307	1298	1304	
30.11.2023	1292	1308	1291	1304	
29.11.2023	1293	1301	1289	1293	
28.11.2023	1311	1311	1299	1300	
27.11.2023	1315	1316	1309	1311	
24.11.2023	1306	1315	1304	1315	
23.11.2023	1287	1306	1287	1306	
22.11.2023	1289	1297	1283	1286	
21.11.2023	1306	1307	1288	1289	
20.11.2023	1296	1307	1296	1306	
17.11.2023	1284	1297	1282	1296	
16.11.2023	1306	1307	1283	1283	
15.11.2023	1303	1308	1301	1306	
14.11.2023	1297	1303	1290	1303	
13.11.2023	1283	1294	1283	1294	
10.11.2023	1288	1288	1283	1283	
09.11.2023	1274	1289	1266	1289	
08.11.2023	1264	1278	1260	1274	
07.11.2023	1291	1291	1263	1265	
06.11.2023	1285	1294	1285	1291	
03.11.2023	1292	1298	1282	1285	
02.11.2023	1281	1293	1281	1292	
01.11.2023	1282	1283	1271	1281	
31.10.2023	1269	1282	1269	1281	
30.10.2023	1264	1280	1264	1268	
27.10.2023	1252	1276	1252	1264	
26.10.2023	1259	1262	1250	1252	
25.10.2023	1265	1269	1258	1259	
24.10.2023	1255	1265	1253	1265	
23.10.2023	1272	1272	1252	1255	
20.10.2023	1291	1293	1272	1272	
19.10.2023	1314	1315	1290	1291	
18.10.2023	1310	1315	1306	1312	
17.10.2023	1312	1313	1304	1310	
16.10.2023	1311	1318	1309	1312	
13.10.2023	1309	1316	1306	1311	
12.10.2023	1293	1313	1293	1309	
11.10.2023	1296	1302	1292	1293	
10.10.2023	1280	1296	1278	1296	
09.10.2023	1251	1280	1251	1280	
06.10.2023	1253	1259	1247	1251	
05.10.2023	1248	1254	1242	1253	
04.10.2023	1263	1265	1247	1248	
03.10.2023	1281	1281	1263	1263	
02.10.2023	1291	1302	1281	1281	
29.09.2023	1289	1304	1289	1291	
28.09.2023	1294	1300	1287	1289	
27.09.2023	1279	1295	1279	1294	
26.09.2023	1284	1286	1274	1279	
25.09.2023	1300	1300	1281	1284	
22.09.2023	1296	1300	1290	1300	
21.09.2023	1306	1306	1288	1296	
20.09.2023	1302	1308	1295	1306	
19.09.2023	1300	1305	1297	1301	
18.09.2023	1301	1303	1296	1300	
15.09.2023	1297	1308	1297	1301	
14.09.2023	1274	1299	1274	1297	
13.09.2023	1276	1282	1273	1273	
12.09.2023	1274	1278	1271	1276	
11.09.2023	1266	1276	1266	1274	
08.09.2023	1262	1269	1262	1266	
07.09.2023	1270	1270	1261	1262	
06.09.2023	1273	1277	1267	1270	
05.09.2023	1267	1280	1261	1273	
04.09.2023	1266	1274	1266	1267	
01.09.2023	1257	1269	1256	1266	
31.08.2023	1253	1259	1252	1256	
30.08.2023	1247	1255	1247	1252	
29.08.2023	1247	1250	1245	1247	
28.08.2023	1232	1247	1232	1247	
25.08.2023	1228	1237	1227	1232	
24.08.2023	1230	1235	1226	1228	
23.08.2023	1237	1239	1224	1229	
22.08.2023	1242	1243	1236	1237	
21.08.2023	1237	1252	1237	1242	
18.08.2023	1254	1254	1231	1237	
17.08.2023	1257	1257	1248	1255	
16.08.2023	1253	1257	1248	1257	
15.08.2023	1257	1266	1252	1253	
14.08.2023	1263	1263	1253	1257	
11.08.2023	1255	1261	1249	1261	
10.08.2023	1256	1257	1250	1256	
09.08.2023	1226	1257	1226	1256	
08.08.2023	1234	1234	1220	1226	
07.08.2023	1243	1246	1232	1234	
04.08.2023	1233	1245	1232	1243	
03.08.2023	1232	1235	1219	1233	
02.08.2023	1246	1246	1228	1232	
01.08.2023	1245	1248	1240	1246	
31.07.2023	1235	1250	1234	1245	
28.07.2023	1240	1240	1229	1235	
27.07.2023	1231	1242	1231	1240	
26.07.2023	1243	1243	1224	1231	
25.07.2023	1237	1243	1235	1243	
24.07.2023	1231	1238	1224	1237	
21.07.2023	1223	1231	1223	1231	
20.07.2023	1210	1225	1210	1223	
19.07.2023	1202	1211	1197	1210	
18.07.2023	1188	1204	1186	1202	
17.07.2023	1201	1201	1184	1186	
14.07.2023	1214	1215	1201	1201	
13.07.2023	1216	1220	1211	1214	
12.07.2023	1206	1219	1202	1216	
11.07.2023	1202	1206	1196	1206	
10.07.2023	1199	1203	1190	1202	
07.07.2023	1198	1201	1191	1199	
06.07.2023	1217	1217	1198	1198	
05.07.2023	1227	1227	1216	1217	
04.07.2023	1225	1230	1223	1227	
03.07.2023	1214	1229	1214	1225	
30.06.2023	1210	1218	1210	1214	
29.06.2023	1199	1211	1199	1210	
28.06.2023	1186	1200	1186	1199	
27.06.2023	1196	1201	1182	1186	
26.06.2023	1194	1199	1180	1196	
23.06.2023	1208	1208	1191	1194	
22.06.2023	1227	1227	1205	1208	
21.06.2023	1234	1234	1223	1228	
20.06.2023	1232	1236	1227	1234	
19.06.2023	1246	1246	1230	1232	
16.06.2023	1235	1248	1235	1246	
15.06.2023	1239	1246	1235	1235	
14.06.2023	1245	1247	1237	1238	
13.06.2023	1232	1245	1228	1245	
12.06.2023	1232	1232	1224	1226	
09.06.2023	1229	1232	1225	1232	
08.06.2023	1228	1232	1225	1228	
07.06.2023	1214	1230	1214	1228	
06.06.2023	1227	1227	1209	1214	
05.06.2023	1226	1240	1226	1227	
02.06.2023	1202	1226	1202	1226	
01.06.2023	1199	1207	1198	1202	
31.05.2023	1210	1210	1196	1199	
30.05.2023	1216	1223	1208	1210	
26.05.2023	1220	1223	1212	1216	
25.05.2023	1222	1233	1216	1219	
24.05.2023	1228	1228	1216	1221	
23.05.2023	1221	1229	1218	1227	
22.05.2023	1225	1225	1218	1221	
19.05.2023	1212	1226	1212	1225	
16.05.2023	1217	1220	1208	1211	
15.05.2023	1213	1219	1206	1217	
12.05.2023	1202	1214	1197	1213	
11.05.2023	1215	1215	1199	1201	
10.05.2023	1202	1212	1200	1204	
09.05.2023	1213	1215	1196	1202	
08.05.2023	1205	1217	1205	1213	
05.05.2023	1190	1205	1190	1205	
04.05.2023	1203	1208	1190	1190	
03.05.2023	1210	1213	1195	1203	
02.05.2023	1229	1229	1208	1208	
28.04.2023	1214	1227	1204	1226	
27.04.2023	1205	1217	1201	1213	
26.04.2023	1213	1215	1203	1205	
25.04.2023	1220	1220	1204	1205	
24.04.2023	1210	1221	1202	1220	
21.04.2023	1215	1215	1207	1210	
20.04.2023	1221	1221	1211	1215	
19.04.2023	1228	1228	1220	1221	
18.04.2023	1227	1234	1225	1228	
17.04.2023	1225	1234	1225	1227	
14.04.2023	1220	1226	1214	1225	
13.04.2023	1216	1219	1209	1216	
12.04.2023	1210	1222	1210	1216	
11.04.2023	1195	1210	1195	1210	
05.04.2023	1202	1202	1187	1195	
04.04.2023	1209	1214	1201	1201	
03.04.2023	1194	1216	1194	1209	
31.03.2023	1185	1195	1182	1194	
30.03.2023	1169	1190	1168	1185	
29.03.2023	1160	1169	1160	1169	
28.03.2023	1159	1170	1154	1160	
27.03.2023	1142	1163	1142	1159	
24.03.2023	1178	1178	1139	1142	
23.03.2023	1179	1179	1169	1176	
22.03.2023	1177	1181	1171	1178	
21.03.2023	1165	1186	1165	1177	
20.03.2023	1152	1167	1123	1165	
17.03.2023	1160	1193	1150	1153	
16.03.2023	1161	1177	1147	1160	
15.03.2023	1206	1206	1155	1160	
14.03.2023	1189	1210	1178	1205	
13.03.2023	1221	1224	1178	1189	
10.03.2023	1234	1234	1214	1221	
09.03.2023	1244	1244	1230	1234	
08.03.2023	1245	1246	1235	1244	
07.03.2023	1256	1261	1243	1245	
06.03.2023	1256	1262	1251	1255	
03.03.2023	1251	1259	1246	1256	
02.03.2023	1243	1253	1240	1250	
01.03.2023	1241	1248	1238	1243	
28.02.2023	1237	1243	1234	1241	
27.02.2023	1227	1242	1227	1237	
24.02.2023	1237	1239	1225	1227	
23.02.2023	1220	1237	1220	1236	
22.02.2023	1227	1227	1214	1220	
21.02.2023	1235	1235	1220	1227	
20.02.2023	1230	1238	1227	1235	
17.02.2023	1240	1240	1227	1229	
16.02.2023	1235	1244	1235	1240	
15.02.2023	1238	1240	1232	1235	
14.02.2023	1234	1238	1229	1237	
13.02.2023	1238	1242	1233	1237	
10.02.2023	1237	1240	1229	1238	
09.02.2023	1240	1247	1236	1237	
08.02.2023	1210	1245	1210	1240	
07.02.2023	1203	1215	1203	1210	
06.02.2023	1211	1211	1198	1203	
03.02.2023	1199	1212	1194	1211	
02.02.2023	1207	1213	1197	1199	
01.02.2023	1196	1209	1195	1207	
31.01.2023	1195	1197	1189	1195	
30.01.2023	1199	1199	1191	1195	
27.01.2023	1183	1199	1182	1199	
26.01.2023	1181	1194	1181	1183	
25.01.2023	1192	1193	1180	1181	
24.01.2023	1199	1206	1190	1192	
23.01.2023	1189	1200	1188	1199	
20.01.2023	1183	1193	1183	1189	
19.01.2023	1200	1200	1179	1183	
18.01.2023	1196	1203	1188	1200	
17.01.2023	1187	1199	1182	1196	
16.01.2023	1193	1196	1181	1187	
13.01.2023	1194	1200	1190	1193	
12.01.2023	1183	1197	1183	1194	
11.01.2023	1185	1189	1180	1183	
10.01.2023	1192	1193	1181	1185	
09.01.2023	1187	1204	1187	1194	
06.01.2023	1174	1190	1171	1186	
05.01.2023	1165	1176	1165	1174	
04.01.2023	1183	1183	1163	1165	
03.01.2023	1197	1207	1182	1183	
02.01.2023	1189	1202	1189	1197	
30.12.2022	1198	1198	1188	1189	
29.12.2022	1191	1198	1184	1198	
28.12.2022	1198	1203	1190	1191	
27.12.2022	1200	1211	1198	1200	
23.12.2022	1197	1201	1193	1200	
22.12.2022	1200	1215	1196	1197	
21.12.2022	1185	1204	1185	1200	
20.12.2022	1187	1189	1172	1186	
19.12.2022	1181	1193	1181	1187	
16.12.2022	1195	1196	1176	1181	
15.12.2022	1203	1206	1191	1195	
14.12.2022	1217	1217	1203	1203	
13.12.2022	1196	1224	1196	1217	
12.12.2022	1196	1198	1188	1196	
09.12.2022	1190	1198	1181	1197	
08.12.2022	1183	1193	1183	1190	
07.12.2022	1202	1202	1179	1183	
06.12.2022	1213	1213	1195	1202	
05.12.2022	1210	1220	1206	1213	
02.12.2022	1223	1223	1203	1210	
01.12.2022	1221	1229	1220	1223	
30.11.2022	1218	1223	1215	1221	
29.11.2022	1201	1218	1201	1217	
28.11.2022	1215	1215	1193	1201	
25.11.2022	1215	1219	1211	1216	
24.11.2022	1201	1215	1198	1214	
23.11.2022	1194	1207	1191	1201	
22.11.2022	1169	1195	1169	1193	
21.11.2022	1177	1183	1168	1169	
18.11.2022	1182	1190	1172	1177	
17.11.2022	1194	1196	1174	1181	
16.11.2022	1201	1211	1193	1195	
15.11.2022	1195	1206	1189	1201	
14.11.2022	1196	1201	1189	1200	
11.11.2022	1192	1201	1191	1196	
10.11.2022	1190	1194	1167	1190	
09.11.2022	1197	1202	1187	1190	
08.11.2022	1203	1203	1194	1197	
07.11.2022	1199	1206	1194	1203	
04.11.2022	1188	1205	1188	1199	
03.11.2022	1186	1189	1172	1188	
02.11.2022	1191	1201	1180	1185	
01.11.2022	1175	1195	1175	1191	
31.10.2022	1166	1178	1161	1175	
28.10.2022	1165	1176	1149	1164	
27.10.2022	1152	1166	1148	1165	
26.10.2022	1140	1153	1129	1152	
25.10.2022	1135	1140	1120	1139	
24.10.2022	1132	1139	1119	1134	
21.10.2022	1141	1142	1123	1132	
20.10.2022	1134	1142	1125	1141	
19.10.2022	1136	1138	1126	1134	
18.10.2022	1126	1139	1126	1136	
17.10.2022	1113	1127	1111	1125	
14.10.2022	1122	1142	1113	1113	
13.10.2022	1107	1127	1105	1122	
12.10.2022	1118	1125	1103	1107	
11.10.2022	1135	1135	1107	1117	
10.10.2022	1136	1139	1118	1135	
07.10.2022	1134	1141	1129	1136	
06.10.2022	1137	1144	1129	1134	
05.10.2022	1144	1147	1130	1136	
04.10.2022	1131	1150	1131	1144	
03.10.2022	1103	1134	1103	1131	
30.09.2022	1080	1107	1080	1103	
29.09.2022	1097	1103	1078	1080	
28.09.2022	1128	1128	1081	1097	
27.09.2022	1117	1130	1115	1128	
26.09.2022	1112	1118	1095	1117	
23.09.2022	1159	1160	1112	1112	
22.09.2022	1164	1167	1150	1159	
21.09.2022	1156	1182	1156	1163	
20.09.2022	1167	1176	1153	1156	
19.09.2022	1175	1175	1134	1167	
16.09.2022	1204	1204	1172	1175	
15.09.2022	1210	1218	1200	1204	
14.09.2022	1217	1217	1202	1210	
13.09.2022	1219	1229	1205	1217	
12.09.2022	1208	1220	1205	1220	
09.09.2022	1186	1214	1186	1208	
08.09.2022	1179	1194	1176	1186	
07.09.2022	1207	1207	1175	1179	
06.09.2022	1248	1248	1206	1207	
05.09.2022	1238	1252	1237	1248	
02.09.2022	1235	1239	1224	1238	
01.09.2022	1249	1249	1226	1235	
31.08.2022	1245	1249	1231	1249	
30.08.2022	1261	1270	1244	1245	
29.08.2022	1276	1276	1245	1260	
26.08.2022	1281	1289	1274	1276	
25.08.2022	1280	1290	1276	1281	
24.08.2022	1275	1283	1270	1280	
23.08.2022	1263	1278	1262	1278	
22.08.2022	1269	1272	1256	1263	
19.08.2022	1266	1273	1261	1269	
18.08.2022	1257	1268	1252	1266	
17.08.2022	1266	1266	1250	1257	
16.08.2022	1251	1267	1251	1266	
15.08.2022	1266	1270	1244	1250	
12.08.2022	1267	1270	1261	1262	
11.08.2022	1250	1268	1250	1267	
10.08.2022	1255	1255	1240	1248	
09.08.2022	1244	1256	1239	1255	
08.08.2022	1245	1253	1234	1244	
05.08.2022	1241	1246	1228	1245	
04.08.2022	1248	1255	1237	1241	
03.08.2022	1248	1257	1244	1247	
02.08.2022	1241	1253	1237	1248	
01.08.2022	1253	1264	1239	1242	
29.07.2022	1225	1253	1225	1253	
28.07.2022	1217	1237	1217	1225	
27.07.2022	1210	1223	1210	1217	
26.07.2022	1202	1219	1202	1210	
25.07.2022	1204	1204	1191	1202	
22.07.2022	1185	1208	1185	1204	
21.07.2022	1206	1206	1183	1185	
20.07.2022	1197	1209	1197	1206	
19.07.2022	1194	1197	1185	1197	
18.07.2022	1160	1195	1160	1194	
15.07.2022	1152	1163	1145	1160	
14.07.2022	1179	1191	1150	1151	
13.07.2022	1192	1201	1176	1179	
12.07.2022	1193	1199	1188	1192	
11.07.2022	1186	1204	1175	1193	
08.07.2022	1195	1203	1182	1186	
07.07.2022	1160	1201	1160	1195	
06.07.2022	1169	1183	1160	1160	
05.07.2022	1195	1199	1164	1169	
04.07.2022	1164	1196	1164	1195	
01.07.2022	1170	1179	1162	1164	
30.06.2022	1197	1197	1169	1170	
29.06.2022	1208	1211	1196	1197	
28.06.2022	1182	1208	1182	1208	
27.06.2022	1161	1185	1161	1182	
24.06.2022	1155	1162	1150	1161	
23.06.2022	1164	1172	1145	1154	
22.06.2022	1199	1199	1160	1164	
21.06.2022	1215	1224	1199	1199	
20.06.2022	1196	1215	1186	1215	
17.06.2022	1192	1217	1182	1196	
16.06.2022	1224	1229	1190	1192	
15.06.2022	1216	1226	1194	1223	
14.06.2022	1194	1219	1189	1216	
13.06.2022	1233	1233	1193	1194	
10.06.2022	1261	1261	1231	1233	
09.06.2022	1269	1272	1256	1261	
08.06.2022	1271	1277	1264	1269	
07.06.2022	1267	1271	1257	1271	
03.06.2022	1266	1274	1260	1267	
02.06.2022	1269	1269	1261	1266	
01.06.2022	1287	1289	1268	1269	
31.05.2022	1275	1291	1275	1287	
30.05.2022	1277	1290	1271	1276	
27.05.2022	1262	1281	1262	1277	
25.05.2022	1244	1262	1244	1262	
24.05.2022	1248	1252	1241	1244	
23.05.2022	1238	1248	1234	1247	
20.05.2022	1224	1241	1224	1238	
19.05.2022	1238	1238	1212	1223	
18.05.2022	1220	1244	1220	1239	
16.05.2022	1215	1221	1210	1219	
13.05.2022	1187	1216	1187	1215	
12.05.2022	1198	1198	1169	1187	
11.05.2022	1186	1194	1177	1193	
10.05.2022	1177	1182	1157	1179	
09.05.2022	1214	1214	1177	1177	
06.05.2022	1234	1234	1206	1214	
05.05.2022	1241	1260	1234	1234	
04.05.2022	1232	1250	1223	1240	
03.05.2022	1219	1232	1210	1232	
02.05.2022	1240	1240	1180	1218	
29.04.2022	1236	1251	1232	1240	
28.04.2022	1240	1252	1231	1234	
27.04.2022	1234	1244	1229	1239	
26.04.2022	1226	1238	1218	1227	
25.04.2022	1264	1264	1218	1226	
22.04.2022	1285	1285	1262	1264	
21.04.2022	1282	1287	1277	1285	
20.04.2022	1279	1284	1272	1281	
19.04.2022	1283	1291	1271	1279	
13.04.2022	1266	1285	1266	1283	
12.04.2022	1264	1273	1256	1265	
11.04.2022	1277	1280	1263	1264	
08.04.2022	1255	1280	1255	1277	
07.04.2022	1261	1261	1250	1255	
06.04.2022	1266	1268	1251	1259	
05.04.2022	1265	1271	1261	1266	
04.04.2022	1270	1274	1264	1265	
01.04.2022	1261	1272	1255	1270	
31.03.2022	1274	1274	1259	1261	
30.03.2022	1246	1274	1246	1274	
29.03.2022	1262	1274	1238	1247	
28.03.2022	1262	1266	1257	1262	
25.03.2022	1258	1265	1251	1262	
24.03.2022	1262	1265	1254	1257	
23.03.2022	1263	1271	1256	1261	
22.03.2022	1259	1269	1254	1263	
21.03.2022	1229	1259	1229	1259	
18.03.2022	1227	1234	1226	1229	
17.03.2022	1217	1231	1217	1227	
16.03.2022	1180	1214	1180	1214	
15.03.2022	1199	1199	1170	1180	
14.03.2022	1194	1201	1188	1199	
11.03.2022	1194	1215	1192	1194	
10.03.2022	1192	1205	1188	1194	
09.03.2022	1184	1199	1183	1192	
08.03.2022	1181	1198	1173	1184	
07.03.2022	1191	1198	1175	1181	
04.03.2022	1213	1213	1182	1190	
03.03.2022	1229	1244	1209	1213	
02.03.2022	1223	1246	1221	1229	
01.03.2022	1202	1227	1201	1223	
28.02.2022	1186	1202	1181	1202	
25.02.2022	1175	1188	1172	1186	
24.02.2022	1188	1188	1159	1174	
23.02.2022	1180	1190	1177	1188	
22.02.2022	1183	1192	1166	1180	
21.02.2022	1189	1190	1171	1183	
18.02.2022	1194	1195	1181	1189	
17.02.2022	1202	1206	1193	1194	
16.02.2022	1191	1203	1191	1201	
15.02.2022	1199	1202	1187	1191	
14.02.2022	1214	1218	1196	1199	
11.02.2022	1208	1217	1193	1214	
10.02.2022	1204	1211	1198	1206	
09.02.2022	1191	1211	1190	1204	
08.02.2022	1204	1206	1186	1191	
07.02.2022	1193	1205	1187	1204	
04.02.2022	1186	1196	1178	1192	
03.02.2022	1197	1198	1183	1186	
02.02.2022	1191	1203	1191	1197	
01.02.2022	1175	1191	1175	1191	
31.01.2022	1170	1183	1170	1175	
28.01.2022	1183	1184	1158	1170	
27.01.2022	1184	1189	1166	1183	
26.01.2022	1152	1188	1152	1184	
25.01.2022	1142	1164	1142	1152	
24.01.2022	1183	1188	1141	1142	
21.01.2022	1205	1205	1183	1183	
20.01.2022	1205	1211	1198	1205	
19.01.2022	1215	1215	1202	1205	
18.01.2022	1218	1221	1207	1215	
17.01.2022	1219	1225	1216	1218	
14.01.2022	1216	1224	1213	1219	
13.01.2022	1216	1220	1215	1216	
12.01.2022	1197	1217	1197	1216	
11.01.2022	1191	1200	1191	1197	
10.01.2022	1208	1213	1190	1190	
07.01.2022	1205	1214	1203	1208	
06.01.2022	1221	1221	1201	1204	
05.01.2022	1214	1221	1212	1221	
04.01.2022	1211	1219	1211	1214	
03.01.2022	1201	1212	1199	1211	
30.12.2021	1199	1202	1194	1201	
29.12.2021	1205	1205	1195	1199	
28.12.2021	1200	1206	1200	1205	
27.12.2021	1195	1200	1191	1200	
23.12.2021	1186	1196	1186	1195	
22.12.2021	1185	1190	1178	1186	
21.12.2021	1161	1185	1161	1185	
20.12.2021	1168	1168	1149	1161	
17.12.2021	1178	1178	1167	1168	
16.12.2021	1155	1180	1155	1178	
15.12.2021	1160	1166	1154	1154	
14.12.2021	1176	1180	1156	1160	
13.12.2021	1185	1197	1176	1176	
10.12.2021	1188	1191	1183	1185	
09.12.2021	1198	1202	1184	1188	
08.12.2021	1200	1210	1197	1198	
07.12.2021	1170	1200	1170	1199	
06.12.2021	1175	1179	1166	1170	
03.12.2021	1178	1189	1172	1175	
02.12.2021	1190	1190	1167	1178	
01.12.2021	1181	1194	1181	1190	
30.11.2021	1188	1188	1167	1181	
29.11.2021	1175	1193	1175	1188	
26.11.2021	1212	1212	1170	1175	
25.11.2021	1212	1215	1209	1214	
24.11.2021	1218	1219	1203	1212	
23.11.2021	1226	1226	1200	1218	
22.11.2021	1223	1229	1220	1226	
19.11.2021	1221	1234	1214	1223	
18.11.2021	1236	1236	1220	1220	
17.11.2021	1237	1237	1226	1236	
16.11.2021	1233	1243	1231	1237	
15.11.2021	1234	1234	1228	1233	
12.11.2021	1235	1238	1228	1233	
11.11.2021	1234	1235	1219	1235	
10.11.2021	1227	1233	1223	1232	
09.11.2021	1237	1240	1226	1227	
08.11.2021	1233	1238	1230	1237	
05.11.2021	1225	1232	1219	1232	
04.11.2021	1216	1228	1216	1225	
03.11.2021	1207	1217	1205	1216	
02.11.2021	1211	1211	1198	1207	
01.11.2021	1193	1211	1193	1211	
29.10.2021	1202	1211	1192	1193	
28.10.2021	1218	1218	1193	1202	
27.10.2021	1216	1216	1199	1212	
26.10.2021	1215	1218	1209	1216	
25.10.2021	1218	1219	1213	1215	
22.10.2021	1214	1218	1206	1218	
21.10.2021	1217	1222	1207	1214	
20.10.2021	1207	1217	1206	1217	
19.10.2021	1205	1214	1202	1207	
18.10.2021	1198	1210	1196	1204	
15.10.2021	1200	1204	1193	1198	
14.10.2021	1184	1200	1184	1200	
13.10.2021	1175	1185	1168	1184	
12.10.2021	1173	1177	1161	1175	
11.10.2021	1167	1175	1167	1173	
08.10.2021	1161	1168	1161	1167	
07.10.2021	1157	1167	1150	1161	
06.10.2021	1175	1175	1150	1155	
05.10.2021	1168	1175	1156	1174	
04.10.2021	1165	1173	1162	1168	
01.10.2021	1163	1169	1143	1164	
30.09.2021	1154	1172	1154	1163	
29.09.2021	1151	1157	1148	1154	
28.09.2021	1159	1161	1151	1151	
27.09.2021	1155	1163	1154	1159	
24.09.2021	1157	1158	1148	1155	
23.09.2021	1142	1159	1142	1158	
22.09.2021	1120	1142	1120	1142	
21.09.2021	1114	1132	1114	1120	
20.09.2021	1141	1141	1105	1114	
17.09.2021	1150	1156	1141	1141	
16.09.2021	1150	1159	1148	1150	
15.09.2021	1147	1157	1147	1150	
14.09.2021	1150	1154	1146	1147	
13.09.2021	1152	1158	1150	1150	
10.09.2021	1153	1158	1151	1152	
09.09.2021	1163	1163	1150	1153	
08.09.2021	1166	1166	1154	1162	
07.09.2021	1175	1177	1165	1166	
06.09.2021	1162	1175	1162	1175	
03.09.2021	1169	1171	1159	1162	
02.09.2021	1151	1169	1150	1169	
01.09.2021	1142	1155	1142	1151	
31.08.2021	1159	1164	1142	1142	
30.08.2021	1165	1169	1158	1159	
27.08.2021	1158	1165	1155	1165	
26.08.2021	1156	1159	1147	1158	
25.08.2021	1151	1157	1150	1156	
24.08.2021	1149	1154	1146	1151	
23.08.2021	1133	1149	1133	1149	
20.08.2021	1132	1136	1124	1133	
19.08.2021	1153	1153	1124	1133	
18.08.2021	1152	1154	1149	1153	
17.08.2021	1150	1153	1143	1152	
16.08.2021	1158	1158	1147	1150	
13.08.2021	1158	1160	1156	1159	
12.08.2021	1155	1160	1154	1158	
11.08.2021	1155	1158	1153	1155	
10.08.2021	1147	1155	1147	1154	
09.08.2021	1146	1148	1142	1147	
06.08.2021	1148	1151	1144	1146	
05.08.2021	1149	1151	1145	1148	
04.08.2021	1142	1150	1142	1149	
03.08.2021	1143	1146	1138	1142	
02.08.2021	1134	1144	1134	1143	
30.07.2021	1138	1138	1126	1134	
29.07.2021	1133	1142	1133	1138	
28.07.2021	1133	1134	1125	1132	
27.07.2021	1138	1138	1128	1133	
26.07.2021	1132	1138	1124	1138	
23.07.2021	1133	1137	1129	1132	
22.07.2021	1132	1136	1130	1132	
21.07.2021	1120	1133	1119	1132	
20.07.2021	1105	1124	1104	1120	
19.07.2021	1131	1131	1103	1104	
16.07.2021	1144	1148	1131	1131	
15.07.2021	1153	1153	1139	1144	
14.07.2021	1146	1154	1144	1153	
13.07.2021	1145	1148	1139	1146	
12.07.2021	1134	1145	1134	1145	
09.07.2021	1121	1137	1121	1134	
08.07.2021	1141	1141	1120	1121	
07.07.2021	1142	1148	1140	1141	
06.07.2021	1143	1147	1139	1142	
05.07.2021	1137	1144	1136	1143	
02.07.2021	1132	1139	1129	1137	
01.07.2021	1121	1133	1121	1132	
30.06.2021	1130	1133	1120	1121	
29.06.2021	1129	1136	1129	1130	
28.06.2021	1140	1141	1129	1129	
25.06.2021	1132	1140	1132	1140	
24.06.2021	1133	1136	1130	1132	
23.06.2021	1124	1136	1124	1133	
22.06.2021	1117	1124	1116	1124	
21.06.2021	1107	1117	1091	1117	
18.06.2021	1121	1123	1105	1107	
17.06.2021	1128	1128	1120	1121	
16.06.2021	1128	1131	1126	1129	
15.06.2021	1138	1141	1126	1128	
14.06.2021	1129	1139	1129	1138	
11.06.2021	1127	1131	1125	1129	
10.06.2021	1129	1130	1122	1127	
09.06.2021	1130	1132	1126	1129	
08.06.2021	1131	1134	1127	1129	
07.06.2021	1133	1135	1127	1131	
04.06.2021	1125	1133	1125	1133	
03.06.2021	1124	1133	1117	1125	
02.06.2021	1123	1132	1123	1124	
01.06.2021	1107	1124	1107	1123	
31.05.2021	1113	1116	1107	1107	
28.05.2021	1102	1115	1100	1113	
27.05.2021	1090	1099	1089	1099	
26.05.2021	1091	1094	1085	1090	
25.05.2021	1097	1102	1090	1091	
21.05.2021	1077	1097	1077	1097	
20.05.2021	1060	1078	1060	1077	
19.05.2021	1079	1079	1058	1060	
18.05.2021	1070	1085	1070	1079	
14.05.2021	1066	1070	1053	1070	
12.05.2021	1071	1074	1057	1066	
11.05.2021	1089	1089	1064	1071	
10.05.2021	1092	1098	1085	1089	
07.05.2021	1078	1092	1075	1092	
06.05.2021	1083	1089	1068	1074	
05.05.2021	1078	1087	1078	1082	
04.05.2021	1084	1090	1074	1077	
03.05.2021	1077	1086	1071	1085	
30.04.2021	1091	1092	1075	1076	
29.04.2021	1093	1103	1090	1091	
28.04.2021	1085	1094	1083	1092	
27.04.2021	1085	1088	1080	1084	
26.04.2021	1074	1085	1070	1085	
23.04.2021	1069	1074	1066	1073	
22.04.2021	1056	1070	1056	1069	
21.04.2021	1062	1064	1049	1056	
20.04.2021	1078	1082	1060	1062	
19.04.2021	1085	1090	1076	1078	
16.04.2021	1074	1085	1072	1085	
15.04.2021	1066	1076	1066	1072	
14.04.2021	1064	1068	1063	1066	
13.04.2021	1057	1066	1054	1064	
12.04.2021	1062	1062	1054	1057	
09.04.2021	1065	1068	1061	1063	
08.04.2021	1066	1072	1062	1063	
07.04.2021	1072	1072	1064	1066	
06.04.2021	1059	1075	1059	1072	
31.03.2021	1056	1064	1056	1059	
30.03.2021	1057	1063	1055	1056	
29.03.2021	1051	1061	1047	1057	
26.03.2021	1033	1052	1033	1051	
25.03.2021	1044	1045	1026	1032	
24.03.2021	1042	1045	1034	1043	
23.03.2021	1054	1054	1037	1042	
22.03.2021	1050	1057	1046	1054	
19.03.2021	1058	1061	1050	1051	
18.03.2021	1058	1062	1056	1058	
17.03.2021	1061	1065	1053	1058	
16.03.2021	1065	1067	1061	1061	
15.03.2021	1062	1070	1062	1065	
12.03.2021	1065	1065	1057	1062	
11.03.2021	1064	1070	1060	1064	
10.03.2021	1058	1065	1055	1064	
09.03.2021	1050	1061	1050	1058	
08.03.2021	1042	1050	1041	1050	
05.03.2021	1029	1045	1029	1042	
04.03.2021	1031	1033	1026	1029	
03.03.2021	1033	1039	1027	1031	
02.03.2021	1028	1033	1024	1033	
01.03.2021	1007	1029	1007	1028	
26.02.2021	1027	1027	1005	1007	
25.02.2021	1014	1028	1014	1027	
24.02.2021	1013	1016	1004	1014	
23.02.2021	1003	1013	987.2	1007	
22.02.2021	993.7	1004	989.1	1003	
19.02.2021	981.2	994.3	979.2	993.6	
18.02.2021	995.7	998.9	981.1	981.2	
17.02.2021	999.7	1002	994.6	995.8	
16.02.2021	995.7	999.9	993.8	999.7	
15.02.2021	991.8	1000	990.7	995.6	
12.02.2021	995.7	999	988.5	991.8	
11.02.2021	992.1	996.4	986.8	995.7	
10.02.2021	993.5	997	989.4	991.3	
09.02.2021	1000	1002	992.5	992.5	
08.02.2021	996.6	1004	996.6	1000	
05.02.2021	997.7	1003	995.8	996.5	
04.02.2021	992.8	1002	991.8	997.7	
03.02.2021	984.6	994.6	984.6	992.8	
02.02.2021	971.9	985.9	971.9	984.6	
01.02.2021	967	974.7	965	971.8	
29.01.2021	963.9	967.8	951.9	966.9	
28.01.2021	962.8	968.8	943.4	965.7	
27.01.2021	977	981.7	959	962.6	
26.01.2021	983.9	987	972.1	977	
25.01.2021	993.9	997.9	972.6	984	
22.01.2021	1002	1002	991.6	994.2	
21.01.2021	1003	1009	999.4	1002	
20.01.2021	1005	1010	1002	1003	
19.01.2021	994	1005	993.9	1005	
18.01.2021	988	993.8	979.2	993.8	
15.01.2021	998.6	998.6	987.7	987.9	
14.01.2021	990.4	999.2	990.4	998.8	
13.01.2021	998.5	1008	990.3	990.4	
12.01.2021	991	1000	991	998.6	
11.01.2021	1001	1001	986.9	990.9	
08.01.2021	991.2	1006	991.2	1001	
07.01.2021	975.9	991.5	975.9	991.2	
06.01.2021	964.1	977.3	964.1	975.9	
05.01.2021	966	968.9	962.3	964.1	
04.01.2021	973.9	983.7	966	966	
30.12.2020	970.3	974.8	968.5	974	
29.12.2020	966.7	975.9	966.7	970.3	
28.12.2020	953.7	966.7	953.7	966.7	
23.12.2020	938.9	953.7	938.9	953.7	
22.12.2020	928.3	939	928.3	938.8	
21.12.2020	950.5	950.5	922.1	928.2	
18.12.2020	942.2	951.5	940.3	950.5	
17.12.2020	939.9	948	939.9	942.2	
16.12.2020	936.8	942.6	936.8	939.9	
15.12.2020	936.6	939.5	931.4	936.7	
14.12.2020	937.6	945.5	934	936.6	
11.12.2020	942.6	943.2	933.5	937.6	
10.12.2020	942.5	945.4	935.4	942.6	
09.12.2020	933.4	942.9	933.4	942.9	
08.12.2020	933	936.9	931.7	933.5	
07.12.2020	936	939	930.9	933	
04.12.2020	927.2	935.4	926.3	935.4	
03.12.2020	928.1	933.4	924.5	927.1	
02.12.2020	934.9	935.2	924.3	928.1	
01.12.2020	930.4	940.9	926.6	934.9	
30.11.2020	946.3	946.3	930.4	930.4	
27.11.2020	935.8	946.4	933.1	946.3	
26.11.2020	933.9	937.1	932.5	935.8	
25.11.2020	935.3	939.2	927.7	933.8	
24.11.2020	917.3	935.6	917.3	935.1	
23.11.2020	908.5	921.1	908.5	917.3	
20.11.2020	902.9	913.2	902.7	908.4	
19.11.2020	912.2	912.3	900.8	902.9	
18.11.2020	908.3	913.3	905.9	912.2	
17.11.2020	909	912.9	906.2	908.3	
16.11.2020	892.2	912.2	892.1	909	
13.11.2020	889.9	894.2	884.2	892	
12.11.2020	889.4	891.5	883.8	890	
11.11.2020	878.9	890.9	878.9	889.4	
10.11.2020	883.2	883.2	871.9	878.9	
09.11.2020	845.8	883.7	845.8	883.1	
06.11.2020	845	847.6	839.1	845.7	
05.11.2020	841.6	846.3	838.3	845	
04.11.2020	829.4	841.7	820.3	841.6	
03.11.2020	823.6	834.4	823.5	829.4	
02.11.2020	812	823.8	810.3	823.6	
30.10.2020	810	812	803.1	811.9	
29.10.2020	799.7	811.5	796.2	810	
28.10.2020	826	826	799.7	799.7	
27.10.2020	832.3	836.2	823.3	826	
26.10.2020	858.9	858.9	832.4	832.4	
23.10.2020	848.5	861.9	848.5	858.9	
22.10.2020	857.4	857.7	845.7	848.5	
21.10.2020	868.6	874.6	854.8	857.6	
20.10.2020	873.5	878.5	868.4	868.4	
19.10.2020	872.5	877.1	871.7	873.5	
16.10.2020	863.1	878	863.1	872.5	
15.10.2020	877.6	878.5	861.8	863	
14.10.2020	875.4	879.5	872.9	877.6	
13.10.2020	878.1	880.5	874.4	875.4	
12.10.2020	876.3	882.3	876.3	878.1	
09.10.2020	879.3	882.7	875.5	876.3	
08.10.2020	872.5	880	872.5	879.2	
07.10.2020	877.6	878.8	871.7	872.1	
06.10.2020	867.9	879.1	867.9	877.6	
05.10.2020	853	867.9	853	867.9	
02.10.2020	852.1	853.4	844.2	853	
01.10.2020	856.1	858.8	852.6	852.7	
30.09.2020	850.3	856.6	843.4	856.1	
29.09.2020	851.6	852.6	846.3	850.3	
28.09.2020	838.1	851.6	838.1	851.6	
25.09.2020	838.9	846.7	836.2	838.1	
24.09.2020	846.6	846.6	832.9	838.9	
23.09.2020	844.9	854.1	844.8	846.8	
22.09.2020	834.7	848.9	834.6	845.1	
21.09.2020	866.2	866.4	834.7	834.7	
18.09.2020	865.9	866.7	860.6	866.2	
17.09.2020	865.6	865.9	858.2	865.9	
16.09.2020	862.8	868.4	862.5	865.6	
15.09.2020	854.6	864.8	854.3	862.8	
14.09.2020	857.5	864.4	854.6	854.6	
11.09.2020	854.2	858.5	850.6	857.5	
10.09.2020	858	860.6	852.8	854.2	
09.09.2020	842.6	858	840.1	857.5	
08.09.2020	854.9	857.7	839.6	842.6	
07.09.2020	845.7	854.9	845	854.9	
04.09.2020	852	854.2	837.7	845.7	
03.09.2020	854.9	860.2	851.6	852.1	
02.09.2020	859.6	864	852.9	854.9	
01.09.2020	859.3	863.1	854.7	859.6	
31.08.2020	862.9	870.4	858	859.3	
28.08.2020	867.1	868.5	858.8	862.9	
27.08.2020	870.1	871.9	865.5	867.1	
26.08.2020	872.8	872.8	865	870.1	
25.08.2020	876	882.4	872.2	872.8	
24.08.2020	860.7	876	860.1	876	
21.08.2020	862	866.8	855.4	860.7	
20.08.2020	868.3	868.3	861.3	862	
19.08.2020	866.7	869.9	864.2	868.3	
18.08.2020	871.9	873.7	865.4	866.7	
17.08.2020	871.8	874.9	868.8	871.9	
14.08.2020	878	878	863.5	871.9	
13.08.2020	875.8	880.2	872.4	878	
12.08.2020	870.6	876	868	875.9	
11.08.2020	856.2	875.3	856.2	870.6	
10.08.2020	854.7	860	850.3	856.2	
07.08.2020	854.9	856.4	848.9	854.6	
06.08.2020	854.9	856.9	848.9	854.9	
05.08.2020	847.8	855.7	847.5	854.9	
04.08.2020	842.5	847.8	839.7	847.8	
03.08.2020	826.2	842.3	825.5	842.2	
31.07.2020	819.8	833.7	819.7	826.2	
30.07.2020	841.7	841.8	819.7	819.8	
29.07.2020	839.3	842	834	841.7	
28.07.2020	840	842.7	836.8	839.1	
27.07.2020	840	845.1	834	840	
24.07.2020	843.4	843.5	829.8	840	
23.07.2020	849.9	852.9	843.1	843.6	
22.07.2020	856.2	860.5	843.2	849.9	
21.07.2020	847.9	866.3	847.9	856.2	
20.07.2020	843.6	849.4	840.4	847.9	
17.07.2020	836.3	844.2	836.3	843.6	
16.07.2020	840.8	840.8	832.4	836.1	
15.07.2020	823.7	840.8	823.7	840.8	
14.07.2020	821	823.8	816.1	823.7	
13.07.2020	801.6	822.4	801.6	821	
10.07.2020	801	803	791.6	801.6	
09.07.2020	811	812.6	800.8	801	
08.07.2020	808.9	811.3	803.5	811	
07.07.2020	809.9	811.3	802.4	808.9	
06.07.2020	801.8	812.6	801.8	810	
03.07.2020	807.3	809.2	800.7	801.7	
02.07.2020	802.8	809.6	799.3	807.3	
01.07.2020	795.2	803.4	793.4	802.8	
30.06.2020	800.1	802.6	792.9	795.2	
29.06.2020	794.7	800.5	790.1	800.1	
26.06.2020	801.1	806.3	794.6	794.7	
25.06.2020	804.1	804.1	789.5	801.2	
24.06.2020	813.4	815	803.7	804.2	
23.06.2020	806	820.3	806	813.4	
22.06.2020	815.1	815.2	804.9	806	
19.06.2020	813.4	822.5	813.3	815.1	
18.06.2020	819.3	821.5	812.4	813.4	
17.06.2020	824.5	829.1	818.6	819.4	
16.06.2020	803.3	825.6	803.3	824.5	
15.06.2020	819.3	819.3	790.4	802.9	
12.06.2020	813.7	824.6	797.6	820.3	
11.06.2020	839.6	839.6	812.2	813.7	
10.06.2020	839.1	848.1	834.8	839.7	
09.06.2020	856.8	860	837.8	839.1	
08.06.2020	849.7	861.4	849.4	856.8	
05.06.2020	833.3	851.6	833.3	849.7	
04.06.2020	830.4	834.1	822.1	833.3	
03.06.2020	815.1	830.4	815.1	830.4	
02.06.2020	797	815.3	797	815.1	
29.05.2020	806.2	806.3	793.1	796.8	
28.05.2020	806.4	810.1	803	806.2	
27.05.2020	804.8	812.7	802.1	806.2	
26.05.2020	793.6	805.3	793	804.9	
25.05.2020	776.8	793.1	776.8	793.1	
22.05.2020	789.3	789.3	770.7	776.7	
20.05.2020	780.4	789.3	775.1	789.3	
19.05.2020	771.7	784.6	771	780.4	
18.05.2020	753.6	771.6	753.6	771.6	
15.05.2020	737.4	755.3	737.4	753.6	
14.05.2020	757.7	757.7	736.3	737.3	
13.05.2020	770.1	770.2	754.8	758.1	
12.05.2020	764.1	773.3	761.4	770	
11.05.2020	769.7	777	761.3	764.1	
08.05.2020	756.6	769.6	756.6	769.6	
07.05.2020	747.6	757	746.4	756.6	
06.05.2020	757.9	758.1	747.5	747.6	
05.05.2020	751.3	763	751.3	757.8	
04.05.2020	775.1	775.1	750.1	751.3	
30.04.2020	772.2	780.2	765.5	775.1	
29.04.2020	757.6	773.6	757.6	772.2	
28.04.2020	743.2	760.1	742.2	757.5	
27.04.2020	738.2	746.6	738.2	743.4	
24.04.2020	750.2	750.2	735.7	738.1	
23.04.2020	738.1	750.1	736.1	750.1	
22.04.2020	726.7	740.3	716	738.1	
21.04.2020	740.9	740.9	721.3	726.7	
20.04.2020	748.5	751.7	729	740.9	
17.04.2020	727.7	749.2	727.7	748.5	
16.04.2020	737.5	743.1	726.9	727.7	
15.04.2020	755.4	755.6	733.9	737.5	
14.04.2020	734.4	755.4	734.4	755.4	
08.04.2020	744.3	744.4	729.7	734.4	
07.04.2020	730.8	750.2	730.8	744.4	
06.04.2020	712.3	728.7	711	728.5	
03.04.2020	713.2	718.3	705.3	712.2	
02.04.2020	719.7	731.9	705.1	713	
01.04.2020	702.9	719.6	688.2	719.6	
31.03.2020	687.1	709	687.1	707.1	
30.03.2020	666.9	686.9	647.6	686.9	
27.03.2020	692	692	662.3	666.9	
26.03.2020	682.4	692	665.9	692	
25.03.2020	671.6	692.8	659.2	682.5	
24.03.2020	637.9	672.5	637.9	671.6	
23.03.2020	667.1	667.5	635.9	635.9	
20.03.2020	668.5	704.1	662.4	668.8	
19.03.2020	637.7	667.3	637.7	667.3	
18.03.2020	645.1	645.1	624.4	637.8	
17.03.2020	639.3	662.9	630.6	645.1	
16.03.2020	675.1	675.1	605.3	639.1	
13.03.2020	650.7	698.4	650.7	675.1	
12.03.2020	711.1	711.1	640.6	650.6	
11.03.2020	736.1	770.8	713.1	713.1	
09.03.2020	801.3	801.3	701.5	736.1	
06.03.2020	838.4	838.4	801.3	801.3	
05.03.2020	858.6	866.3	835.2	838.5	
04.03.2020	859.2	868.4	849.9	858.6	
03.03.2020	833.9	867.9	833.9	859.2	
02.03.2020	830.3	861.1	825.5	833.8	
28.02.2020	840.7	844.6	814.8	830.3	
27.02.2020	886.5	886.5	843.2	843.2	
26.02.2020	894.9	894.9	863.8	886.5	
25.02.2020	898.5	909.5	889	895	
24.02.2020	936.5	936.5	896.2	898.4	
21.02.2020	942.9	942.9	932.5	936.7	
20.02.2020	934.9	943.5	934.9	942.9	
19.02.2020	926.7	934.9	926.5	934.9	
18.02.2020	928	928	921	926.7	
17.02.2020	929.2	933.9	925.8	928	
14.02.2020	926.3	932	926	929.2	
13.02.2020	930.8	930.8	918	926.3	
12.02.2020	925.7	933.4	924	930.8	
11.02.2020	913.2	925.9	913.1	925.7	
10.02.2020	920.8	922.9	908.1	912.3	
07.02.2020	936.3	938.5	919.3	920.8	
06.02.2020	930.7	943.5	930.7	936.3	
05.02.2020	917.4	931.7	915.8	930.9	
04.02.2020	914	923.1	914	917.3	
03.02.2020	913.8	916.2	907.7	914	
31.01.2020	915.9	924.4	913.6	913.8	
30.01.2020	925.3	925.3	914.3	915.9	
29.01.2020	925.7	932.1	923.4	925.3	
28.01.2020	921.3	925.7	914.3	925.7	
27.01.2020	940	940	915.9	921.3	
24.01.2020	930.3	942.3	930.3	940	
23.01.2020	943.9	944	927.1	930.3	
22.01.2020	941.7	948.1	941.5	943.9	
21.01.2020	946.2	946.2	936	941.7	
20.01.2020	946.6	949	943.6	946.2	
17.01.2020	936.6	947.9	936.6	946.6	
16.01.2020	937	938.8	933	936.6	
15.01.2020	938.6	941.2	936	937	
14.01.2020	940.6	946.2	937.5	938.6	
13.01.2020	939.4	944.2	938.2	940.6	
10.01.2020	938.6	941.6	935.9	939.4	
09.01.2020	938.5	941.3	935.3	938.3	
08.01.2020	937.3	940	935.4	938.5	
07.01.2020	940.1	946.6	937	937.4	
06.01.2020	942.7	945.3	934.6	940.1	
03.01.2020	941.4	944.6	937.8	942.7	
02.01.2020	931.5	944	931.3	941.3	
30.12.2019	933.9	935.6	931.4	931.5	
27.12.2019	935.2	940.6	932.2	933.9	
23.12.2019	928.3	935.2	928.3	935.2	
20.12.2019	922.6	930	922.6	928.2	
19.12.2019	916.5	922.6	914.7	922.6	
18.12.2019	914	916.8	910.4	916.5	
17.12.2019	916.1	917.5	913.6	914	
16.12.2019	911.4	916.8	911.4	916.2	
13.12.2019	905.2	913.7	905.2	911.4	
12.12.2019	900.2	907.1	899.7	905.2	
11.12.2019	904.2	904.2	897.8	900.2	
10.12.2019	908	908	899.2	904.1	
09.12.2019	906.5	908.5	901.6	908	
06.12.2019	897.7	906.8	896.8	906.5	
05.12.2019	898.7	902	896.9	897.7	
04.12.2019	884.2	898.6	884.1	898.6	
03.12.2019	890.8	894.4	882.5	884.2	
02.12.2019	902.5	906	890.8	890.8	
29.11.2019	908.3	908.4	900.6	902.5	
28.11.2019	912.1	912.3	908.1	908.4	
27.11.2019	911	913.1	908.7	912.3	
26.11.2019	915.1	916.3	909.8	911	
25.11.2019	909.8	915.6	909.8	914.5	
22.11.2019	900.1	909.9	900.1	909.8	
21.11.2019	900.8	900.9	895.9	900.1	
20.11.2019	903.5	903.5	893.6	900.8	
19.11.2019	902.7	907.6	901.9	903.5	
18.11.2019	903.6	908	899.5	902.6	
15.11.2019	907.9	908.5	898.9	903.6	
14.11.2019	909	911.8	906.8	907.8	
13.11.2019	915.9	915.9	904.9	909	
12.11.2019	917.8	920.1	912.5	915.5	
11.11.2019	916	917.8	910.6	917.8	
08.11.2019	918.1	918.4	912.5	916	
07.11.2019	910.4	918.1	908.4	918.1	
06.11.2019	908.3	910.4	904.6	910.4	
05.11.2019	908.2	911.3	906.2	908.3	
04.11.2019	906.5	909.1	896.5	908.1	
30.10.2019	907.7	912.9	905.2	906.5	
29.10.2019	911.5	911.6	901.7	907.7	
28.10.2019	902.6	912.8	902.5	911.4	
25.10.2019	906.6	907.2	899.1	902.6	
24.10.2019	891.7	907.5	891.7	906.6	
23.10.2019	898.9	901.3	888.3	891.9	
22.10.2019	899.4	901.4	896.2	898.9	
21.10.2019	893.1	901.1	892.6	899.5	
18.10.2019	893.6	896.3	890.8	893.1	
17.10.2019	887.3	896.2	882.1	893.7	
16.10.2019	879.8	888.1	875.2	887.3	
15.10.2019	875.1	882	874.9	880.3	
14.10.2019	886	886	873.3	875	
11.10.2019	878.8	888	878.8	886	
10.10.2019	871.5	879.1	868.1	878.7	
09.10.2019	872.8	875.2	867.7	871.5	
08.10.2019	883.9	886.4	870.9	872.8	
07.10.2019	869.2	883.9	869.2	883.9	
04.10.2019	856.1	869.6	856.1	869.1	
03.10.2019	867.7	867.7	854.7	856.1	
02.10.2019	886.9	886.9	867	867.7	
01.10.2019	886.6	891.5	885.5	887	
30.09.2019	884.3	888.6	881.6	886.6	
27.09.2019	880.7	888.4	880.7	884.3	
26.09.2019	880.2	887.7	879.2	880.7	
25.09.2019	890.8	890.9	876.9	880.2	
24.09.2019	897.6	900.1	889.7	890.8	
23.09.2019	904.9	905.3	895.3	897.9	
20.09.2019	898.9	905	898.8	904.9	
19.09.2019	899.5	901.6	895.4	898.5	
18.09.2019	890.4	899.5	887.6	899.5	
17.09.2019	899.6	901.3	888.3	890.4	
16.09.2019	888.3	900.2	888.3	899.6	
13.09.2019	882.6	888.4	882.6	888.3	
12.09.2019	884.9	885.7	874.6	882.6	
11.09.2019	871.8	884.9	871.8	884.9	
10.09.2019	867.5	871.7	865.3	871.7	
09.09.2019	868.2	873.5	866.5	867.5	
06.09.2019	876.3	876.6	865.5	868.2	
05.09.2019	858.7	877.9	858.7	876.3	
04.09.2019	850.6	861.2	850.6	858.5	
03.09.2019	859.5	860.2	850.2	850.6	
02.09.2019	861.2	862.9	859.1	859.2	
30.08.2019	852.7	862.6	852.6	861.3	
29.08.2019	840.1	853.7	840.1	852.7	
28.08.2019	841.2	844.5	837.5	840.1	
27.08.2019	833.7	841.2	833.1	841.2	
26.08.2019	840.3	840.3	829.1	833.7	
23.08.2019	845.1	850.1	832.9	840.3	
22.08.2019	844.6	847.5	840	845	
21.08.2019	839.8	847.8	835.4	844.6	
20.08.2019	840.7	845.9	837.7	839.7	
19.08.2019	827.1	840.8	827.1	840.8	
16.08.2019	818	827.1	817.9	827.1	
15.08.2019	823	827.3	806.2	817.9	
14.08.2019	842.8	843.3	820.8	822.7	
13.08.2019	834.7	843.1	829.6	842.8	
12.08.2019	837.8	843.1	833.8	835	
09.08.2019	842.7	846.8	837.6	837.8	
08.08.2019	830.4	843.7	830.4	842.6	
07.08.2019	837.5	842.5	827.1	830.3	
06.08.2019	833.5	842.7	832.1	837.5	
05.08.2019	853.6	853.6	832.4	834.2	
02.08.2019	863.3	863.3	848.5	853.6	
01.08.2019	859	865	854.8	863.3	
31.07.2019	852.4	860.9	852.4	859.1	
30.07.2019	865.1	865.7	852	852.4	
29.07.2019	867.4	869.3	864.2	865.1	
26.07.2019	863.8	870.5	862.1	867.4	
25.07.2019	871.7	876.2	862.1	863.8	
24.07.2019	874.7	877.3	869.6	871.9	
23.07.2019	865.3	875.3	865	874.7	
22.07.2019	863.2	867.8	863.1	865.3	
19.07.2019	862	863.7	859.3	863.2	
18.07.2019	867.8	867.8	859.6	861.9	
17.07.2019	874.2	874.3	867.3	867.8	
16.07.2019	880.5	880.7	871.4	874.1	
15.07.2019	881.9	884.9	877.6	880.5	
12.07.2019	883.5	885.6	878.8	881.8	
11.07.2019	883.1	885.3	879.4	883.5	
10.07.2019	883	884.8	881.4	883.1	
09.07.2019	890.5	890.6	881.4	883.2	
08.07.2019	885.7	893	885.7	891.2	
05.07.2019	888.6	889.8	884	885.7	
04.07.2019	880	889.1	880	888.6	
03.07.2019	877.5	880	872.9	880	
02.07.2019	878.9	880.3	875.2	877.5	
01.07.2019	864.7	879.6	864.6	878.9	
28.06.2019	864.2	866.7	863	864.6	
27.06.2019	860.8	866.6	860.7	864.2	
26.06.2019	861.6	866.7	860.7	860.7	
25.06.2019	869.5	869.5	861	861.6	
24.06.2019	871.8	879.2	869	869.5	
21.06.2019	870.5	875.7	869.3	871.8	
20.06.2019	865.6	873.5	865.6	870.5	
19.06.2019	866.5	869.7	862.2	865.5	
18.06.2019	856.5	868.1	854.5	866.6	
17.06.2019	861.2	863.2	856.3	856.5	
14.06.2019	859.2	863	853.9	861.2	
13.06.2019	859.9	861.6	855	859.2	
12.06.2019	874.8	874.8	858.8	859.9	
11.06.2019	868.8	876.3	867.8	874.9	
07.06.2019	862.3	870.6	862.3	868.8	
06.06.2019	861.1	868	860.2	862.3	
05.06.2019	859.8	866	859.2	861.1	
04.06.2019	863.2	863.2	855	859.8	
03.06.2019	852	863.2	842.6	863.2	
31.05.2019	853	853	838.4	852.1	
29.05.2019	872.9	872.9	850.5	853.1	
28.05.2019	876.5	880.3	868.2	872.9	
27.05.2019	876	878.8	872.3	876.5	
24.05.2019	869.1	877.7	869.1	876	
23.05.2019	888.8	888.8	869.1	869.1	
22.05.2019	889.7	890.5	885.2	888.7	
21.05.2019	885.1	891.4	885.1	889.8	
20.05.2019	882.5	891.5	879.3	885.1	
16.05.2019	866.6	882.5	866.6	882.5	
15.05.2019	864.7	869.3	859.5	866.6	
14.05.2019	860.9	864.7	857.7	864.4	
13.05.2019	871	873.4	860.2	861	
10.05.2019	859.2	871.7	859.2	871	
09.05.2019	871.8	871.8	859.1	859.2	
08.05.2019	870.2	876.2	867.3	871.8	
07.05.2019	873.5	880.6	866.7	870.2	
06.05.2019	880.8	880.8	866.5	873.5	
03.05.2019	876.4	885	873.3	880.8	
02.05.2019	880.8	880.9	872.6	876.5	
30.04.2019	883.8	883.8	879.4	880.9	
29.04.2019	883.5	886.5	881.2	883.8	
26.04.2019	885.7	887.4	881.5	883.5	
25.04.2019	892.4	892.9	885.4	885.7	
24.04.2019	894.3	895.8	892	892.3	
23.04.2019	890.5	897	890.1	894.3	
17.04.2019	889.1	892.6	884.2	890.4	
16.04.2019	890	894.1	887.6	889.2	
15.04.2019	885.3	890.1	885.3	890	
12.04.2019	884.1	889.9	882	885.3	
11.04.2019	885.2	888.2	883.2	884.1	
10.04.2019	881.3	887.2	880.7	884.9	
09.04.2019	890.2	890.3	879.6	881.3	
08.04.2019	884.8	890.3	883.1	890.2	
05.04.2019	879.9	885.8	879.2	884.8	
04.04.2019	884.9	885.2	878.1	879.9	
03.04.2019	879.1	884.9	878.8	884.9	
02.04.2019	873.1	879.8	873.1	879.1	
01.04.2019	863.1	873.5	863.1	873.1	
29.03.2019	867.2	873	863.1	863.1	
28.03.2019	867.2	872.6	866.2	866.9	
27.03.2019	867.7	872.4	863.5	867.2	
26.03.2019	865.5	871.3	865	867.8	
25.03.2019	873.8	873.8	864	865.4	
22.03.2019	888.7	889.7	873.8	873.8	
21.03.2019	886.3	889.2	883.5	888.7	
20.03.2019	889.2	889.9	884.2	886.3	
19.03.2019	885.7	893.7	885.7	890	
18.03.2019	880.4	885.7	879.5	885.7	
15.03.2019	881.6	882.3	877.6	880.4	
14.03.2019	874	884.2	874	881.6	
13.03.2019	866.5	874	864.7	874	
12.03.2019	863.9	868.6	863.9	866.5	
11.03.2019	863.7	867.9	859.2	863.8	
08.03.2019	866.4	866.7	860.1	863.7	
07.03.2019	874	875.2	866.8	867.8	
06.03.2019	870.7	875.6	870	873.8	
05.03.2019	870	872.7	867.5	870.6	
04.03.2019	866.6	872.1	865.5	870	
01.03.2019	865.4	870.9	865.4	866.6	
28.02.2019	870.7	871.3	865.2	865.3	
27.02.2019	874.5	876.2	870.7	870.7	
26.02.2019	875	876.5	868.6	874.4	
25.02.2019	872	881.3	872	875	
22.02.2019	867.4	875.4	866.5	872	
21.02.2019	862.4	871.4	862.3	867.4	
20.02.2019	864.7	864.7	858.2	862.4	
19.02.2019	866.2	867.6	862.5	864.7	
18.02.2019	865.5	870.1	862.5	866.3	
15.02.2019	852.6	866.2	852	865.5	
14.02.2019	859.1	863.3	850.5	852.7	
13.02.2019	847.5	859.1	847.1	859.1	
12.02.2019	836.5	847.9	836.5	847.5	
11.02.2019	831.2	841.7	831.2	836.3	
08.02.2019	846.9	847.1	831.2	831.2	
07.02.2019	849.1	851.3	844	846.9	
06.02.2019	853.6	853.6	846.3	849.1	
05.02.2019	839	853.7	839	853.6	
04.02.2019	837.3	845.1	837.3	839	
01.02.2019	835.3	838.2	834.6	837.3	
31.01.2019	834.7	846.1	834.5	835.3	
30.01.2019	835.4	838.2	831.1	834.7	
29.01.2019	828.1	835.2	826.3	834.9	
28.01.2019	837	837.3	826.3	828.1	
25.01.2019	839.3	845.7	835.6	837	
24.01.2019	842.7	843.3	834.2	839.4	
23.01.2019	846.9	847.1	841.9	842.5	
22.01.2019	855	855	846.6	846.9	
21.01.2019	853.7	855.8	851.8	855	
18.01.2019	839.7	853.9	838.5	853.8	
17.01.2019	840.2	841.4	836.7	839.6	
16.01.2019	838.6	844.7	836.1	840.2	
15.01.2019	836.7	846	834.3	838.5	
14.01.2019	841.4	841.4	831.5	836.7	
11.01.2019	841.8	848.9	839.8	841.4	
10.01.2019	844.1	845.7	834.2	841.7	
09.01.2019	836.5	845.7	836.5	844.6	
08.01.2019	829.5	838.4	828.2	836.4	
07.01.2019	829.7	840.3	827.3	829.9	
04.01.2019	810.4	829.7	809.8	829.7	
03.01.2019	803.4	815.2	799.4	808.7	
02.01.2019	799.5	803.9	786.5	803.4	
28.12.2018	783.7	803.7	783.7	799.5	
27.12.2018	804	810.4	783.6	783.6	
21.12.2018	804.2	804.6	793.8	804	
20.12.2018	823.7	824	801.5	804.2	
19.12.2018	816.5	825.4	809.5	825	
18.12.2018	819.8	820	803	816.7	
17.12.2018	830.8	833.2	819.8	819.8	
14.12.2018	838.2	838.2	828.7	830.8	
13.12.2018	844.6	844.6	832.9	838.7	
12.12.2018	834.9	845.2	834.9	844.6	
11.12.2018	823.6	837.7	822.5	834.8	
10.12.2018	844.1	844.1	821.7	823.6	
07.12.2018	825.9	848.8	825.9	844.2	
06.12.2018	857.9	857.9	826	826	
05.12.2018	870	870	855.4	858.1	
04.12.2018	874.4	876.9	868.8	870	
03.12.2018	861.5	881.3	861.4	874.4	
30.11.2018	861.8	863.8	855.4	861	
29.11.2018	853.9	863.8	851.6	861.8	
28.11.2018	856.8	860.9	850.1	854.5	
27.11.2018	852.8	859.7	849.4	856.8	
26.11.2018	837.1	853.2	837.1	852.8	
23.11.2018	849	849	832.9	837.1	
22.11.2018	855	856.7	848.6	849	
21.11.2018	841.2	855.2	841.2	854.9	
20.11.2018	865.4	866	838.8	841.3	
19.11.2018	872.6	877.7	865.3	865.4	
16.11.2018	864.8	877.9	864.8	872.6	
15.11.2018	871.1	874.9	863.7	864.7	
14.11.2018	875.4	876.7	865.1	871.1	
13.11.2018	886.6	888	875.2	875.4	
12.11.2018	886.5	892.6	885.4	886.6	
09.11.2018	892.5	892.6	884.2	886.4	
08.11.2018	895.6	900.7	891.5	892.5	
07.11.2018	890.9	901.7	890.2	895.6	
06.11.2018	893.8	895.5	886.9	890.9	
05.11.2018	889.1	897.7	885.5	893.6	
02.11.2018	885	895.7	885	889	
01.11.2018	889.6	889.6	881.2	885	
31.10.2018	869.1	891.2	869.1	889.7	
30.10.2018	875.9	879.4	864	868.9	
29.10.2018	862.8	881.9	862.8	875.8	
26.10.2018	873.5	875.8	856.9	862.8	
25.10.2018	869.7	874.9	851	873.5	
24.10.2018	863.8	878.6	863.8	869.7	
23.10.2018	882.9	883	863.8	863.8	
22.10.2018	900.6	906.9	883	883	
19.10.2018	890.5	902	887.4	900.6	
18.10.2018	903.4	903.7	889.9	890.5	
17.10.2018	904.5	913.2	902.6	903.4	
16.10.2018	893.8	904.4	893.4	904.4	
15.10.2018	893.6	900.6	890.2	893.8	
12.10.2018	890.9	896.8	886.8	893.5	
11.10.2018	914.2	914.2	880.3	890.9	
10.10.2018	923.9	928	912.7	914.2	
09.10.2018	920.3	927.7	918.3	923.9	
08.10.2018	927.2	928.4	916.5	920.3	
05.10.2018	930	935.4	926.3	927.2	
04.10.2018	940.4	942.5	929.6	930	
03.10.2018	944.6	948.5	938.9	940.3	
02.10.2018	942.2	946.3	941.4	944.6	
01.10.2018	938.3	945.4	938.3	942.1	
28.09.2018	941.2	942.3	933.7	938.3	
27.09.2018	941.5	943.8	937.6	941.6	
26.09.2018	946.4	947.5	939.8	941.5	
25.09.2018	932	946.4	932	946.4	
24.09.2018	923.9	932.1	923.8	932	
21.09.2018	918	925.3	918	923.9	
20.09.2018	913	920.6	913	918	
19.09.2018	915.8	917.9	912.2	913	
18.09.2018	910	917.1	907	915.8	
17.09.2018	906.8	910.8	904.3	910	
14.09.2018	905.8	910.5	905.3	906.9	
13.09.2018	906.2	909.3	905.5	905.8	
12.09.2018	900	908.8	900	906.2	
11.09.2018	897.1	900.4	896	900	
10.09.2018	893	899.8	892.8	897.1	
07.09.2018	898.9	901.3	887.6	893	
06.09.2018	897.9	903.5	897.2	899.2	
05.09.2018	904.9	904.9	897.5	897.9	
04.09.2018	908.6	909	903	904.9	
03.09.2018	906.6	911.6	905.9	908.6	
31.08.2018	912.4	912.6	906.7	906.7	
30.08.2018	915.1	915.8	908.9	912.4	
29.08.2018	914.5	916.6	911.2	915.1	
28.08.2018	912.5	916.8	911.7	914.5	
27.08.2018	907.4	913.9	907.3	912.5	
24.08.2018	906.3	909.2	902.7	907.4	
23.08.2018	907	910.1	905.3	906.4	
22.08.2018	904.3	907.3	897.1	907	
21.08.2018	902.3	905	899	904.3	
20.08.2018	889.8	903	889.8	902.3	
17.08.2018	888	893.7	885.8	889.9	
16.08.2018	882.7	891	882.7	888	
15.08.2018	895.8	897.5	882.5	882.7	
14.08.2018	897.2	899.6	895.6	895.8	
13.08.2018	897.8	897.8	891.2	897.2	
10.08.2018	908.7	908.7	897.6	898.2	
09.08.2018	906.9	909	903.9	908.7	
08.08.2018	905.4	907.6	903.5	906.9	
07.08.2018	892.7	905.4	892.7	905.4	
06.08.2018	891.8	896.9	891.6	892.6	
03.08.2018	892.5	896.2	891.2	891.8	
02.08.2018	894.5	894.6	888	892.5	
01.08.2018	896.4	898.2	891.7	894.5	
31.07.2018	891.4	897.9	891.3	896.4	
30.07.2018	892.8	893.6	890.2	891.5	
27.07.2018	883.4	892.8	883.4	892.8	
26.07.2018	885.2	888.2	883.4	883.4	
25.07.2018	882.7	886	881.4	885.2	
24.07.2018	878.3	884	877.6	882.7	
23.07.2018	876.8	882	875.1	878.3	
20.07.2018	875.7	877.3	871.5	876.8	
19.07.2018	874.1	877.6	870.5	875.7	
18.07.2018	871.5	875	869.9	874.1	
17.07.2018	868	877.3	866.6	871.5	
16.07.2018	874.6	875.6	868	868	
13.07.2018	884.9	886.5	872.9	874.4	
12.07.2018	891	891.1	881.6	885	
11.07.2018	899.1	899.1	887.5	891	
10.07.2018	888.6	899.5	888.6	899.1	
09.07.2018	877.4	888.8	877.4	888.7	
06.07.2018	883.4	884.2	875.4	877.3	
05.07.2018	879.5	886.3	878.2	883.4	
04.07.2018	878	881.8	875.3	879.4	
03.07.2018	872.7	880.6	872.2	878	
02.07.2018	879.2	879.2	869.2	872.7	
29.06.2018	875.2	884.2	875.2	879.1	
28.06.2018	882.5	884.2	874.9	875.2	
27.06.2018	870.7	883.9	868.5	882.5	
26.06.2018	869.7	874.3	868.6	870.7	
25.06.2018	881.7	882.3	869.6	869.6	
22.06.2018	871.6	882.2	868.5	881.7	
21.06.2018	881	882.7	871.4	871.6	
20.06.2018	885	889.1	880.1	880.9	
19.06.2018	888.6	888.6	881.4	885	
18.06.2018	895.4	895.4	885.2	888.7	
15.06.2018	898.2	898.8	891.9	895.4	
14.06.2018	896	898.8	891.4	898.2	
13.06.2018	898.2	900.6	895.2	896	
12.06.2018	900.1	902.3	896.5	898.2	
11.06.2018	894.2	900.6	894.2	899.9	
08.06.2018	892	895.7	887.8	893.9	
07.06.2018	883	892.8	883	892.1	
06.06.2018	879	888.5	879	883	
05.06.2018	882.8	884.8	877.8	879	
04.06.2018	880.5	885.4	879.5	882.1	
31.05.2018	870.7	880.3	870.7	875.5	
30.05.2018	867.5	872.6	862.5	870.6	
29.05.2018	868.5	869.1	857.2	867.6	
28.05.2018	864	874	860.8	868.5	
25.05.2018	873.3	875.2	863	864	
24.05.2018	879.9	883	872.4	873.3	
23.05.2018	888.2	888.2	876.8	879.9	
22.05.2018	892	895.4	886.1	888.2	
18.05.2018	884	892.4	884	891.7	
16.05.2018	880.6	885.2	878	883.9	
15.05.2018	876.1	882.4	874.8	880.6	
14.05.2018	878.8	880	873.2	876.1	
11.05.2018	878.6	884.4	878.6	878.8	
09.05.2018	875.3	882.2	874.8	878.6	
08.05.2018	873.4	875.3	868.6	875.3	
07.05.2018	864.9	873.7	864.4	873.7	
04.05.2018	864.6	867.6	862.5	864.8	
03.05.2018	869.5	870.4	864.2	864.6	
02.05.2018	860	869.5	859.2	869.5	
30.04.2018	862.7	862.9	856.2	860	
27.04.2018	863.1	869.4	861.7	862.7	
26.04.2018	840.6	864.4	840.5	863	
25.04.2018	852.4	852.4	839.9	840.7	
24.04.2018	851.2	857.1	850	852.4	
23.04.2018	846.2	855.7	846.1	851.2	
20.04.2018	851	852	845.5	846.2	
19.04.2018	849.3	856.9	849.3	850.9	
18.04.2018	837.8	851.9	837.3	849.3	
17.04.2018	836.3	838.5	833.8	837.8	
16.04.2018	838.5	839.1	832.2	836.2	
13.04.2018	834.7	840.5	834.7	838.6	
12.04.2018	831.6	835.2	829.3	834.4	
11.04.2018	829.8	832.1	825.4	831.6	
10.04.2018	815.1	829.9	815.1	829.8	
09.04.2018	813.4	817.2	811	815	
06.04.2018	817.2	817.2	809.8	813.5	
05.04.2018	800.8	817.2	800.8	817.2	
04.04.2018	811.5	815	795.4	800.7	
03.04.2018	804.9	815.3	799.7	811.6	
28.03.2018	805.9	806	796.8	805.3	
27.03.2018	799	807.9	799	806	
26.03.2018	800.3	803.1	797.9	798.9	
23.03.2018	794.8	801	783.2	800.3	
22.03.2018	805.1	805.1	794.3	795.1	
21.03.2018	802.5	805.1	797.9	805.1	
20.03.2018	798.1	803.2	797.4	802.5	
19.03.2018	806.8	807.3	797.9	798.1	
16.03.2018	806.7	807.4	803.1	806.7	
15.03.2018	810.6	815	805.2	806.7	
14.03.2018	817	819.2	810.6	810.6	
13.03.2018	817.3	822.1	816.4	817	
12.03.2018	818.6	822.9	816.7	817.3	
09.03.2018	815.4	818.7	812.2	818.3	
08.03.2018	811.9	816.4	810.9	815.4	
07.03.2018	816.7	816.7	809.2	811.9	
06.03.2018	801.6	816.7	801.6	816.7	
05.03.2018	794	802.2	793.3	801.4	
02.03.2018	810	810	794	794	
01.03.2018	819.8	819.8	806.2	810.1	
28.02.2018	818.9	821.1	813.4	819.8	
27.02.2018	820.3	821.6	816.5	818.9	
26.02.2018	822.4	827.8	819.9	820.1	
23.02.2018	812.4	822.8	812.4	822.5	
22.02.2018	812.2	814.1	802.8	812.4	
21.02.2018	810	812.3	805.4	812.3	
20.02.2018	807.6	810.4	805.6	810	
19.02.2018	809.9	814.3	807.5	807.6	
16.02.2018	801.7	810	801.7	809.9	
15.02.2018	794.5	808.1	794.5	801.7	
14.02.2018	799.1	803.4	787.8	794.5	
13.02.2018	798.5	802.4	795.1	799.1	
12.02.2018	787.5	801.4	787.5	798.4	
09.02.2018	796.8	796.8	779.3	787.5	
08.02.2018	798.9	800.7	792.6	796.9	
07.02.2018	784.8	801.2	784.8	798.9	
06.02.2018	803	803	770.8	784.8	
05.02.2018	809.6	809.6	796.3	803.1	
02.02.2018	818.2	821.6	808.1	809.9	
01.02.2018	811	820.3	811	818.2	
31.01.2018	808.4	816.9	808.3	811	
30.01.2018	817.7	817.8	807.1	809	
29.01.2018	823.2	827.1	817.7	817.7	
26.01.2018	828.7	829.1	823.1	823.1	
25.01.2018	836.7	837.1	827	828.7	
24.01.2018	839.5	840.8	835.7	836.7	
23.01.2018	840.2	843.5	837.7	839.5	
22.01.2018	835.3	840.1	834.9	840.1	
19.01.2018	832.8	836.7	829.5	835.3	
18.01.2018	835	836.1	831.9	832.7	
17.01.2018	839.9	839.9	833.1	835.1	
16.01.2018	839.8	842.6	837.7	839.9	
15.01.2018	839.8	843.4	837.3	839.8	
12.01.2018	839	840.4	835.4	839.8	
11.01.2018	840.2	841.7	835.7	839	
10.01.2018	840.6	841.6	836.4	840.2	
09.01.2018	834.8	843.7	834.5	840.6	
08.01.2018	833.4	836.1	831.2	834.7	
05.01.2018	825.9	832.7	825.6	832.7	
04.01.2018	817.6	825.9	817.6	825.9	
03.01.2018	815.2	819.1	815.2	817.6	
02.01.2018	814.5	819.2	812.1	815.2	
29.12.2017	818.1	819.7	814.4	814.5	
28.12.2017	815	818.9	812.7	818	
27.12.2017	806.7	815	806.7	815	
22.12.2017	807.9	810.9	806.4	806.7	
21.12.2017	799.2	807.9	799.1	807.9	
20.12.2017	800.3	801.7	798.2	799.1	
19.12.2017	799.2	803.9	798.7	800.4	
18.12.2017	790.8	799.3	790.8	799.2	
15.12.2017	795.5	797.7	789.9	790.8	
14.12.2017	798.1	798.1	793.2	795.5	
13.12.2017	800.9	801.7	798.1	798.1	
12.12.2017	791.9	801	791.9	800.9	
11.12.2017	786.7	792	784.9	791.9	
08.12.2017	782.6	787.9	782.6	786.7	
07.12.2017	786.3	787.8	781.7	782.6	
06.12.2017	792.1	792.1	784.3	786.3	
05.12.2017	800.4	800.4	791.3	792.1	
04.12.2017	798.7	803.3	798.7	800.4	
01.12.2017	796.8	798.7	791.3	798.4	
30.11.2017	797.2	798.7	789.3	796.8	
29.11.2017	795	799.4	795	797.2	
28.11.2017	792.9	795.5	790.9	795.2	
27.11.2017	800.3	801.3	792.9	792.9	
24.11.2017	803.9	804.4	799.3	800.3	
23.11.2017	807.1	807.2	801.2	804	
22.11.2017	808.5	808.9	803.8	807.1	
21.11.2017	800.2	808.5	799.6	808.5	
20.11.2017	796	800.4	793.8	800.2	
17.11.2017	802.2	803.6	794.8	796.1	
16.11.2017	795.1	802.2	795.1	802.2	
15.11.2017	801.7	801.8	793.6	795	
14.11.2017	805.9	805.9	800.9	801.9	
13.11.2017	808.2	810	801.2	806	
10.11.2017	811.2	813	807.3	808.2	
09.11.2017	822.1	822.2	808.9	811.2	
08.11.2017	819.4	822.2	817	822.2	
07.11.2017	818	821.5	818	819.4	
06.11.2017	820.6	820.6	815.2	817.9	
03.11.2017	809	816.2	808.9	815.9	
02.11.2017	815.4	815.5	807	809	
01.11.2017	807.1	816.3	807.1	815.4	
31.10.2017	809.9	810.6	806.6	807	
30.10.2017	801.5	809.9	799.6	809.9	
27.10.2017	795.5	802.5	795.5	801.5	
26.10.2017	798.1	799.6	791.2	795.5	
25.10.2017	790.9	799.3	790.2	798.1	
24.10.2017	791.8	792.6	789.1	790.9	
23.10.2017	794.9	795.4	791.8	791.8	
20.10.2017	787.7	795	787.6	794.9	
19.10.2017	788.1	792.6	785.8	787.5	
18.10.2017	788.7	789.6	786.3	788.1	
17.10.2017	790.9	792	786.8	788.7	
16.10.2017	792.4	793.8	790.9	790.9	
13.10.2017	790.4	793	788.4	792.4	
12.10.2017	788.3	791.3	785.8	790.4	
11.10.2017	788.1	789.8	785.6	788.4	
10.10.2017	785.8	789.7	784.1	788	
09.10.2017	784.9	787.4	783.8	785.8	
06.10.2017	789.2	790.6	783.6	784.8	
05.10.2017	784.1	789.9	783	789.2	
04.10.2017	788.8	789.1	783.6	784	
03.10.2017	784.7	789.4	784.7	788.8	
02.10.2017	783.1	787.5	782.6	784.7	
29.09.2017	782.6	783.9	777.8	783.1	
28.09.2017	779	782.9	778.3	782.6	
27.09.2017	774.3	779.2	774.3	779	
26.09.2017	778	779	773	774	
25.09.2017	773.2	778.4	772	777.9	
22.09.2017	771.9	773.8	769.1	773.2	
21.09.2017	765.4	771.9	765.2	771.9	
20.09.2017	763.5	765.7	762.9	765.4	
19.09.2017	762.5	763.7	760.3	763.5	
18.09.2017	758.9	764.9	758.9	762.5	
15.09.2017	762.7	762.7	758.8	758.9	
14.09.2017	761.5	763.5	759.5	762.7	
13.09.2017	756.3	761.9	755.1	761.4	
12.09.2017	751.7	756.6	751.6	756.3	
11.09.2017	745.4	751.8	745.3	751.7	
08.09.2017	747.4	748.4	744	745.4	
07.09.2017	745.7	749.7	745.3	747.4	
06.09.2017	748.8	748.8	742.4	745.4	
05.09.2017	745.9	749.7	744.6	748.8	
04.09.2017	747.2	747.2	742.4	745.9	
01.09.2017	740.2	747.3	739.6	747.3	
31.08.2017	730	740.3	729.4	739.9	
30.08.2017	723.2	730.4	723.2	730.1	
29.08.2017	728.6	728.6	718	723.2	
28.08.2017	730.4	730.5	727.1	728.6	
25.08.2017	730.6	732.3	728	730.4	
24.08.2017	729.2	731.5	725.4	730.5	
23.08.2017	730.5	731.8	728.2	729.2	
22.08.2017	725.7	730.6	725.6	730.5	
21.08.2017	726.5	731.7	724.7	725.7	
18.08.2017	726.4	727.2	723.1	726.5	
17.08.2017	736.5	736.5	726.7	726.7	
16.08.2017	730.5	736.9	730.5	736.5	
15.08.2017	735.8	736	729.6	730.5	
14.08.2017	727.8	736.2	727.8	735.8	
11.08.2017	735.8	735.8	725.4	727.8	
10.08.2017	741.7	741.7	735.6	735.8	
09.08.2017	742.3	744.4	738.5	741.5	
08.08.2017	742.3	743.3	739.5	742.5	
07.08.2017	738.1	742.6	738	742.4	
04.08.2017	736.1	738.5	734.9	738.1	
03.08.2017	735.5	737	732.2	736.1	
02.08.2017	737.3	737.4	732.5	735.5	
01.08.2017	732.5	738.5	732.3	737.4	
31.07.2017	734.5	735.3	731.4	732.5	
28.07.2017	732.8	734.4	727.7	734.4	
27.07.2017	732.5	737.2	731.7	732.8	
26.07.2017	724.6	733.4	724.5	732.5	
25.07.2017	723.1	726.3	719.4	724.5	
24.07.2017	723.2	724.4	720.2	723.1	
21.07.2017	734.1	734.2	721.5	723.2	
20.07.2017	728.3	735.2	728.1	734.1	
19.07.2017	725.9	728.5	723.7	728.3	
18.07.2017	729.1	730.1	725.2	725.9	
17.07.2017	721.2	730.4	721.2	729.2	
14.07.2017	722	723.1	719.1	721.2	
13.07.2017	717.3	722.6	716.1	722	
12.07.2017	702.4	716.8	701.7	716.8	
11.07.2017	702.3	704.5	698.9	702.4	
10.07.2017	696.7	702.3	696.7	702.3	
07.07.2017	701.8	701.8	696.2	696.6	
06.07.2017	701.9	706	700	701.8	
05.07.2017	707.5	707.6	701.2	701.9	
04.07.2017	705.1	708.3	704.2	707.5	
03.07.2017	698.6	705.4	698.6	705.1	
30.06.2017	695.4	699.1	693.7	698.6	
29.06.2017	698.9	704.7	694.9	695	
28.06.2017	693.8	698.9	690.8	698.9	
27.06.2017	693.2	695.2	691	693.8	
26.06.2017	693.4	698.3	693	693.2	
23.06.2017	693.8	695.5	691.1	693.3	
22.06.2017	699.6	699.7	691.7	693.7	
21.06.2017	704.1	704.3	696.9	699.7	
20.06.2017	705.1	709	703.5	704.1	
19.06.2017	699.2	705.7	699.1	705.1	
16.06.2017	696.8	700.5	696.7	699.2	
15.06.2017	708.3	708.3	695.4	696.8	
14.06.2017	710.1	713	707.9	708.3	
13.06.2017	712	713.2	708.2	710.1	
12.06.2017	706.7	712	704.5	711.9	
09.06.2017	705	706.8	701.2	706.7	
08.06.2017	711.1	711.2	703	705	
07.06.2017	709.4	713.5	707.8	711.1	
06.06.2017	712.1	712.1	705.4	709.4	
02.06.2017	713.2	716.1	710.6	712.1	
01.06.2017	710.3	715.2	710.3	713.2	
31.05.2017	718.3	718.5	709.2	710.3	
30.05.2017	718	719.6	713.9	718.3	
29.05.2017	718.7	718.9	716.6	718.2	
26.05.2017	725.9	725.9	716.7	718.7	
24.05.2017	721.6	726	721	726	
23.05.2017	723.8	723.9	719.5	721.5	
22.05.2017	722.7	726.1	721.2	723.8	
19.05.2017	712.7	722.8	712.7	722.7	
18.05.2017	728.3	728.3	708	712.7	
16.05.2017	724.8	728.3	723.1	728.3	
15.05.2017	721.2	726.8	721.2	724.7	
12.05.2017	718.1	722.6	718.1	721.1	
11.05.2017	719.2	724.1	717.4	718.1	
10.05.2017	719.5	720.3	716.6	719.2	
09.05.2017	712.9	720	712.8	719.5	
08.05.2017	709.6	713	707	713	
05.05.2017	700	710	696.4	709.6	
04.05.2017	703.8	708.9	699.1	700	
03.05.2017	704.9	705.2	700.6	703.8	
02.05.2017	697.7	704.9	696.9	704.9	
28.04.2017	698.8	700.2	696.1	697.7	
27.04.2017	698.5	701.4	696.7	698.7	
26.04.2017	698.5	699.9	695.3	698.5	
25.04.2017	691.5	698.5	691.5	698.5	
24.04.2017	683	693.5	683	691.4	
21.04.2017	683.4	686.4	681.4	683	
20.04.2017	682.4	684	680.1	683.5	
19.04.2017	685.3	685.5	681.1	682.5	
18.04.2017	696.9	699.4	683.3	685.4	
12.04.2017	693	697.5	693	696.9	
11.04.2017	694.5	694.5	691.7	692.9	
10.04.2017	692.6	694.5	692	694.5	
07.04.2017	692	694.5	689.9	692.5	
06.04.2017	693.1	693.4	684.1	692	
05.04.2017	687.2	693.3	687.2	693.1	
04.04.2017	692	692.1	685.6	687	
03.04.2017	687.9	694.2	687.8	692	
31.03.2017	691.7	692.6	685.5	687.9	
30.03.2017	686.4	691.7	686.4	691.7	
29.03.2017	685.6	690.7	684.7	686.4	
28.03.2017	679.8	686.1	679.5	685.6	
27.03.2017	693.6	693.6	677.7	679.8	
24.03.2017	693.9	694.6	691.8	693.6	
23.03.2017	693.6	694.6	690.5	694	
22.03.2017	703	703	690.8	693.6	
21.03.2017	703.6	708.5	702.2	703	
20.03.2017	703.9	704.8	701.6	703.6	
17.03.2017	702.9	706.4	702.5	703.9	
16.03.2017	698.4	707	698.3	702.9	
15.03.2017	694.6	699.3	694.6	697.6	
14.03.2017	700.2	702.3	692.8	694.7	
13.03.2017	698.7	700.6	696.8	700.2	
10.03.2017	689.5	699.9	689.5	698.6	
09.03.2017	691.4	691.4	684.4	689.5	
08.03.2017	692.8	692.9	690.3	691.4	
07.03.2017	690.8	694.4	689.7	692.9	
06.03.2017	691.9	693.5	689	690.9	
03.03.2017	699.6	699.6	691	692	
02.03.2017	696.9	702.8	696.8	699.6	
01.03.2017	690.3	696.9	690.3	696.8	
28.02.2017	687.7	690.7	687.1	690.3	
27.02.2017	687.2	690.6	686.9	687.7	
24.02.2017	693.2	693.2	685.4	687.3	
23.02.2017	694.7	698	693.2	693.3	
22.02.2017	699.5	701	694.6	694.6	
21.02.2017	691.5	699.6	690.3	699.6	
20.02.2017	687.6	692.7	687.6	691.5	
17.02.2017	692.7	692.7	684.9	687.6	
16.02.2017	694.4	694.5	690.2	692.8	
15.02.2017	701.1	703	694.1	694.4	
14.02.2017	703	703	699.4	701.1	
13.02.2017	696.2	703	696.2	702.9	
10.02.2017	694.5	697.9	693.3	696.2	
09.02.2017	697.7	699.7	690.1	694.5	
08.02.2017	701.5	701.5	696.7	697.7	
07.02.2017	701.6	702.2	696.6	701.5	
06.02.2017	702	702.7	699	701.6	
03.02.2017	694.1	702.4	694.1	702	
02.02.2017	701.8	701.9	693.4	694.1	
01.02.2017	693.1	703	693	701.8	
31.01.2017	698	699.9	692.8	693.1	
30.01.2017	708.1	708.2	697.9	698	
27.01.2017	709.2	710.5	704.1	708	
26.01.2017	708.9	711.2	706.2	709.5	
25.01.2017	701.5	708.9	701.5	708.9	
24.01.2017	697.2	702	696.8	701.5	
23.01.2017	700.9	700.9	696.5	697.2	
20.01.2017	698.8	701.8	698.2	700.9	
19.01.2017	693.3	699.4	693.3	698.8	
18.01.2017	689.9	695.4	689.9	693.3	
17.01.2017	691.5	691.8	688.3	689.9	
16.01.2017	696.3	696.6	691	691.5	
13.01.2017	692.9	696.4	692.9	696.2	
12.01.2017	694.8	696.1	691	692.9	
11.01.2017	690.2	694.9	685.7	694.9	
10.01.2017	689.6	692	687.4	690.2	
09.01.2017	694.8	698.4	689.1	689.5	
06.01.2017	696.2	696.6	692.6	694.6	
05.01.2017	692.1	696.3	691.2	696.2	
04.01.2017	693.9	694.3	690.3	692.1	
03.01.2017	691.5	695	690.9	694	
02.01.2017	683.9	691.6	683.9	691.5	
30.12.2016	686.4	686.5	683.5	683.9	
29.12.2016	685.6	686.5	682.7	686.4	
28.12.2016	683.7	686.4	683.7	685.6	
27.12.2016	679.8	684.7	679.5	683.7	
23.12.2016	678.2	679.9	677.6	679.7	
22.12.2016	675.6	678	674	678	
21.12.2016	678.1	680.1	675.6	675.6	
20.12.2016	678.8	680.3	674.8	678.1	
19.12.2016	680.4	681.3	678.6	678.7	
16.12.2016	675.3	682.2	675.1	680.4	
15.12.2016	680.9	682	674.5	675.3	
14.12.2016	683.6	683.6	679.1	680.9	
13.12.2016	686.1	686.1	681	683.5	
12.12.2016	683.1	692.3	683.1	686.1	
09.12.2016	677.8	683.1	676.1	683	
08.12.2016	669.4	677.9	669.2	677.9	
07.12.2016	663.1	669.5	663.1	669.5	
06.12.2016	663.6	664.1	661.7	663.1	
05.12.2016	657.6	664.6	657	663.7	
02.12.2016	662.8	663	656.1	657.6	
01.12.2016	656.7	663.1	656.3	662.8	
30.11.2016	649.8	660.5	647.7	656.6	
29.11.2016	654.1	657	648.9	649.8	
28.11.2016	658.5	658.5	651.5	654.9	
25.11.2016	657.9	659.8	657.5	658.4	
24.11.2016	657	659.6	656.5	658.6	
23.11.2016	657	660.3	654.1	657	
22.11.2016	653.4	658.3	653.4	657.1	
21.11.2016	647.7	653.8	647.7	653.4	
18.11.2016	647.8	649.4	644.4	647.7	
17.11.2016	645.3	649	644.9	647.8	
16.11.2016	646.6	649.4	643.1	645.3	
15.11.2016	638.8	646.7	638.8	646.6	
14.11.2016	640.3	644.9	636.3	638.8	
11.11.2016	646	648.8	638.4	640.3	
10.11.2016	637.9	648.2	637.8	646	
09.11.2016	635.4	639.8	616.8	637.8	
08.11.2016	633.1	637.9	632.8	635.5	
07.11.2016	626.6	634.7	626.5	633.1	
04.11.2016	630.1	631.5	623.9	625.9	
03.11.2016	626.7	632.3	626.7	630.1	
02.11.2016	639.8	639.8	626.7	626.7	
01.11.2016	638.2	643.5	637.3	639.6	
31.10.2016	642.2	643.6	638.2	638.2	
28.10.2016	642.7	643.7	638.1	642.2	
27.10.2016	633.5	644.7	632.2	642.8	
26.10.2016	645.9	646.1	633.4	633.4	
25.10.2016	642	646.1	642	645.9	
24.10.2016	641.7	644.9	640.9	642	
21.10.2016	638.3	642.5	638.2	641.5	
20.10.2016	638.1	641.8	636.5	638.3	
19.10.2016	633.7	638.3	633.5	638.1	
18.10.2016	632.1	635.4	631.3	633.7	
17.10.2016	637.5	637.5	630	632.1	
14.10.2016	630.6	637.5	630.6	637.5	
13.10.2016	634.8	635.1	629.1	630.6	
12.10.2016	638.6	640	635.1	635.1	
11.10.2016	639.5	642.2	636.5	638.6	
10.10.2016	629.4	639.6	629.2	639.6	
07.10.2016	633.2	636.4	628.1	629.4	
06.10.2016	631.8	634	630	633.2	
05.10.2016	630.9	632.5	626.2	631.7	
04.10.2016	622.6	630.9	622.6	630.9	
03.10.2016	622.7	626	622.3	622.6	
30.09.2016	623	623.2	614.5	622.7	
29.09.2016	609.6	623.1	609.6	623.1	
28.09.2016	604.8	610.4	604.8	609.4	
27.09.2016	609.1	611.6	602.1	604.8	
26.09.2016	617.7	617.7	608.4	609	
23.09.2016	618.3	618.3	613.7	617.8	
22.09.2016	610.1	621.1	610.1	618.3	
21.09.2016	609.2	612.8	608	610.1	
20.09.2016	607.4	609.6	604.7	609.2	
19.09.2016	601.4	607.6	601.3	607.4	
16.09.2016	596.8	602.4	596.8	601.3	
15.09.2016	601.8	601.8	596.7	596.8	
14.09.2016	603.1	606.3	600.9	602.6	
13.09.2016	608.5	611.7	602.6	603.1	
12.09.2016	619.5	619.5	602.7	608.5	
09.09.2016	625	627	618.9	619.5	
08.09.2016	626.4	630.2	624.1	624.9	
07.09.2016	622.5	626.4	622.5	626.4	
06.09.2016	627.1	628.1	622.4	622.4	
05.09.2016	623.3	629.3	623.3	627.1	
02.09.2016	616.3	623.3	614.3	623.1	
01.09.2016	618.9	621.2	615.6	616.3	
31.08.2016	622.1	622.2	618.7	618.9	
30.08.2016	616.7	623.1	616.4	622.1	
29.08.2016	618.3	618.5	613.6	616.7	
26.08.2016	616.7	618.4	614.1	618.4	
25.08.2016	619.1	619.4	613.4	616.7	
24.08.2016	618	621.1	615.7	619.3	
23.08.2016	612.4	618.4	611.3	618	
22.08.2016	612.6	614.9	609.8	612.4	
19.08.2016	609.6	614	609.5	612.5	
18.08.2016	608.6	612.9	606.9	609.6	
17.08.2016	617.6	619	606.9	607	
16.08.2016	619.1	620.1	615.4	617.7	
15.08.2016	621.3	622.6	617.5	619.1	
12.08.2016	621.4	626	620.7	621.3	
11.08.2016	620	621.4	616.9	621.4	
10.08.2016	622.1	622.5	618.1	620	
09.08.2016	614.8	622.8	613.2	622.8	
08.08.2016	612.8	615.4	612.8	614.8	
05.08.2016	608.2	613	608.2	612.8	
04.08.2016	601.7	609.8	601.7	608.2	
03.08.2016	604.7	605	599.5	601.5	
02.08.2016	610.5	610.5	603.8	604.7	
01.08.2016	612.6	618.9	608.7	610.6	
29.07.2016	615.6	617.3	612.3	612.6	
28.07.2016	623.1	623.1	615.5	615.6	
27.07.2016	620.3	623.5	615	623.1	
26.07.2016	618.6	620.4	615.9	620.3	
25.07.2016	625.6	627.5	618.5	618.6	
22.07.2016	631.7	631.8	624.9	625.3	
21.07.2016	624.6	632.6	624.6	631.7	
20.07.2016	624.9	627.3	623.3	624.6	
19.07.2016	619.4	625.5	619.4	624.9	
18.07.2016	620.9	623.1	618.4	619.3	
15.07.2016	620.7	623.3	618.9	622.4	
14.07.2016	619.5	623.4	618.2	621.1	
13.07.2016	617.3	620.4	614.5	619.5	
12.07.2016	620.1	620.3	614.1	617.3	
11.07.2016	610.3	620.9	610.3	620.1	
08.07.2016	608.1	610.6	601	610.3	
07.07.2016	592.2	608.2	592.1	608.1	
06.07.2016	597.3	602.6	592.1	592.2	
05.07.2016	608.6	608.6	596.4	597.3	
04.07.2016	611.6	615.4	608.6	608.6	
01.07.2016	602.9	611.6	602.8	611.6	
30.06.2016	599.7	605.9	597.8	602.9	
29.06.2016	588	600	587.7	599.7	
28.06.2016	573.4	588.7	573.4	587.4	
27.06.2016	591.9	592	573	573	
24.06.2016	609.1	609.1	573.4	592.2	
23.06.2016	607	615.1	606.2	610.9	
22.06.2016	603.2	608.4	602.8	606.9	
21.06.2016	603.8	604.4	600.3	603.2	
20.06.2016	591	605.4	591	603.8	
17.06.2016	575.3	592.4	575.3	590.9	
16.06.2016	590	590	575	575.3	
15.06.2016	587.4	593.5	587.2	590.1	
14.06.2016	595.8	595.8	587.3	587.3	
13.06.2016	604.8	604.8	593.1	595.8	
10.06.2016	612.5	612.7	603.8	604.8	
09.06.2016	622.7	622.9	612	612.5	
08.06.2016	621.8	624.4	619	622.7	
07.06.2016	615.1	621.8	615	621.8	
06.06.2016	609.3	615.1	609.3	615.1	
03.06.2016	611.3	615.7	609.3	609.3	
02.06.2016	611.6	616.5	610	611.3	
01.06.2016	617.3	617.4	610.8	611.6	
31.05.2016	622.9	624.1	617.1	617.3	
30.05.2016	618.9	623.8	618.9	622.9	
27.05.2016	622.3	622.3	616.8	618.8	
26.05.2016	619.6	622.3	616.3	622.3	
25.05.2016	611.3	619.6	611.3	619.6	
24.05.2016	605.4	610.8	602.4	610.8	
23.05.2016	605.1	607.9	602.1	605.4	
20.05.2016	594.8	605.5	594.8	605.1	
19.05.2016	605.4	605.7	594.7	594.7	
18.05.2016	597.3	605.4	597.3	605.4	
13.05.2016	600.4	601.6	596.3	597.3	
12.05.2016	599.1	607.4	598.9	600.4	
11.05.2016	594.2	599.3	594.2	599	
10.05.2016	593.6	598.5	592.4	594.2	
09.05.2016	595.9	599.5	592.9	593.6	
06.05.2016	595.6	597.2	589.5	595.9	
04.05.2016	592.6	596.8	590.7	595.6	
03.05.2016	601.3	603.2	591.6	592.6	
02.05.2016	606.3	606.7	600.1	601.4	
29.04.2016	611	612	603.9	606.3	
28.04.2016	606.3	612	603.8	611	
27.04.2016	594.8	606.7	594.8	606.3	
26.04.2016	592.5	596.9	592.5	594.9	
25.04.2016	595.3	596.4	591.6	592.2	
22.04.2016	599	599.2	591.8	595.2	
21.04.2016	597.3	605.5	597.3	599.1	
20.04.2016	595.9	601.1	592.2	597.3	
19.04.2016	585.5	595.9	585.5	595.9	
18.04.2016	584.7	585.5	573.6	585.5	
15.04.2016	589.2	590.5	583.9	584.7	
14.04.2016	589	591.9	584.1	589.1	
13.04.2016	576	589	575.9	589	
12.04.2016	571.7	576.1	571.5	574.3	
11.04.2016	566.3	572.7	563.8	571.7	
08.04.2016	560.4	566.8	559.4	566.2	
07.04.2016	562.9	568.1	559.8	560.4	
06.04.2016	559.8	564.9	559.7	562.9	
05.04.2016	566.9	566.9	557.6	559.8	
04.04.2016	569.8	572.1	565.2	566.9	
01.04.2016	577.7	577.7	566.7	569.8	
31.03.2016	585.1	585.2	575.8	577.8	
30.03.2016	569.8	585.2	569.8	585.1	
29.03.2016	586.2	587.6	569.5	569.8	
23.03.2016	589	590.2	586.2	586.2	
22.03.2016	588.2	589.9	583	589	
21.03.2016	590.3	591.2	585.2	588.4	
18.03.2016	585.8	591.3	583	590.3	
17.03.2016	586	590.7	579.3	585.8	
16.03.2016	582.8	586.3	582	586	
15.03.2016	589.5	589.5	581	582.8	
14.03.2016	585	590.8	583.8	589.5	
11.03.2016	582.3	586.7	581.8	585	
10.03.2016	583.2	591.3	579.3	582.4	
09.03.2016	586.1	586.4	580.4	583	
08.03.2016	585.5	590.3	580.9	586.2	
07.03.2016	588.1	594.9	578.3	585.5	
04.03.2016	576.6	588.1	576.6	588.1	
03.03.2016	571.2	578.4	571	576.4	
02.03.2016	575	581.1	568.6	571.1	
01.03.2016	572.5	579.4	572	574.9	
29.02.2016	566.3	572.5	562.9	572.5	
26.02.2016	556.8	568.4	556.8	566.3	
25.02.2016	545.4	558.5	545.4	556.5	
24.02.2016	561.8	561.8	545.1	545.3	
23.02.2016	564.9	566.1	559.6	561.8	
22.02.2016	550.5	564.7	550.5	564.7	
19.02.2016	557.7	558	548.9	550.2	
18.02.2016	554.8	563.8	554.2	557.7	
17.02.2016	532.1	554.8	532	554.8	
16.02.2016	539.2	547.2	532.1	532.1	
15.02.2016	522.6	539.8	522.6	539.2	
12.02.2016	515.4	524.3	515.3	522.3	
11.02.2016	530.6	530.6	513.3	515.2	
10.02.2016	531.5	534.3	526.5	530.6	
09.02.2016	536.1	540.6	527.3	531.5	
08.02.2016	560.7	562.9	536.1	536.1	
05.02.2016	552.2	563.6	550.7	560.7	
04.02.2016	540.5	554.5	540.5	552.2	
03.02.2016	539.5	549.6	538.9	540.5	
02.02.2016	555.8	556	539.5	539.5	
01.02.2016	561	563	554	556.7	
29.01.2016	554	561	551.5	560.9	
28.01.2016	547.1	560.4	547.1	552.3	
27.01.2016	551	551.7	542.8	547.1	
26.01.2016	547	551	533.6	551	
25.01.2016	552.7	555.3	543.7	547.1	
22.01.2016	530.7	552.6	530.7	552.6	
21.01.2016	517.2	533	517.2	530.6	
20.01.2016	543.7	543.7	518	518.1	
19.01.2016	528.6	545	528.6	543.7	
18.01.2016	535.6	537.3	527.6	528.5	
15.01.2016	542.2	545.3	527.4	535.6	
14.01.2016	556.8	556.8	536.2	542.2	
13.01.2016	554.6	563.5	554.6	556.8	
12.01.2016	554.8	560.8	544.6	554.5	
11.01.2016	563.7	563.7	553.1	554.8	
08.01.2016	565.4	573.3	562.6	563.8	
07.01.2016	581.8	581.8	556.2	565.4	
06.01.2016	590.3	591.4	579.1	581.8	
05.01.2016	600.6	603.8	590.3	590.3	
04.01.2016	610.3	610.3	596.7	600.6	
30.12.2015	609.5	612.1	607.9	610.3	
29.12.2015	602.2	609.8	601.7	609.5	
28.12.2015	605.4	609	601.4	602.2	
23.12.2015	590.1	605.5	590.1	605.3	
22.12.2015	591	592.5	585.8	589.9	
21.12.2015	590.2	594.6	584.2	591.1	
18.12.2015	600.9	600.9	588.3	590.1	
17.12.2015	603.9	609	600.1	600.9	
16.12.2015	601.7	605	596.3	603.8	
15.12.2015	585.5	602	585.5	601.9	
14.12.2015	594.8	597.5	584.7	585.4	
11.12.2015	604.4	605.4	594.7	594.8	
10.12.2015	610.9	610.9	602.3	604.4	
09.12.2015	607.3	611.4	601.3	611	
08.12.2015	617	617	604.6	607.2	
07.12.2015	614.7	621.6	614.7	617	
04.12.2015	623.6	625.9	613.6	614.6	
03.12.2015	632.6	635.9	623.6	623.6	
02.12.2015	632.3	634.3	630	632.6	
01.12.2015	628.8	633.4	628.4	632.5	
30.11.2015	625.4	629.9	623.5	628.8	
27.11.2015	628.4	628.5	623.4	625.4	
26.11.2015	624.9	629.4	624.6	628.3	
25.11.2015	624.9	627.9	622.4	624.5	
24.11.2015	625	625.8	618.8	624.9	
23.11.2015	625.8	630.3	621	625	
20.11.2015	628.2	629.3	625	625.8	
19.11.2015	627.2	634	627.2	628.2	
18.11.2015	622.1	628.2	619.4	627.1	
17.11.2015	613.2	623.2	613.2	622.1	
16.11.2015	608.9	615.7	605.3	613.1	
13.11.2015	611.3	616.4	608	608.9	
12.11.2015	623.5	623.5	611.4	611.5	
11.11.2015	624	627.7	623.5	623.5	
10.11.2015	628.5	628.5	621.7	624	
09.11.2015	626.9	632.8	626.8	628.5	
06.11.2015	628.5	631.5	626.3	626.9	
05.11.2015	633.9	634.2	627.9	628.6	
04.11.2015	624.2	635.6	624	633.8	
03.11.2015	617.9	623.6	617.4	623.6	
02.11.2015	615.2	618.4	614.1	617.9	
30.10.2015	615	620.4	613.1	615.2	
29.10.2015	622.8	622.9	613.8	615.5	
28.10.2015	616.1	624.1	612.5	622.8	
27.10.2015	623.5	623.6	614.8	616.1	
26.10.2015	623.8	628.6	621.3	623.5	
23.10.2015	615.6	627.7	615.6	623.8	
22.10.2015	614.7	615.6	608.1	615.6	
21.10.2015	613.3	616.6	609	614.7	
20.10.2015	613.3	613.9	608.4	613.3	
19.10.2015	614	618.6	610.8	613.9	
16.10.2015	615.2	619.9	614	614	
15.10.2015	608	615.1	607	615.1	
14.10.2015	609.9	611.2	605.3	608	
13.10.2015	613	613	606.4	609.9	
12.10.2015	618.8	622	611.7	612.9	
09.10.2015	614.7	624.4	614.7	618.8	
08.10.2015	622.9	622.9	611.3	614.7	
07.10.2015	613.1	623.1	612.4	623	
06.10.2015	601.4	614.8	599.4	613	
05.10.2015	581.9	601.3	581.9	601.3	
02.10.2015	586.1	590.3	580	581.5	
01.10.2015	581.8	590.3	581.8	586.1	
30.09.2015	571.3	581.9	571.3	581.8	
29.09.2015	570.5	574.2	562.6	571.3	
28.09.2015	579.7	581.2	570.5	570.5	
25.09.2015	566.7	581.7	566.7	579.9	
24.09.2015	575.5	578.8	566.2	566.7	
23.09.2015	579.3	580.7	575.4	575.4	
22.09.2015	587.1	587.7	576.1	579.3	
21.09.2015	584.3	590.3	582.8	587.1	
18.09.2015	592.6	592.6	582.3	584.3	
17.09.2015	588.1	593.3	588.1	592.5	
16.09.2015	578.7	588.1	578.7	587.7	
15.09.2015	574.9	578.7	571	578.7	
14.09.2015	579	582.2	572.8	574.9	
11.09.2015	585.2	586.5	577.9	579	
10.09.2015	597.2	597.2	584.2	585.2	
09.09.2015	590.3	600.4	590.3	597.2	
08.09.2015	580.2	592.5	580.2	590.3	
07.09.2015	582.6	588	579.8	580.2	
04.09.2015	597	597	582.2	582.2	
03.09.2015	582.3	597.2	582.3	597.1	
02.09.2015	582.6	588.1	577.8	582.2	
01.09.2015	594.1	595.4	581.7	582.6	
31.08.2015	593.2	594.2	587.7	594.1	
28.08.2015	586.2	596.8	585.3	593.4	
27.08.2015	576	588.7	576	586.2	
26.08.2015	571	583.3	559.4	575.4	
25.08.2015	555.2	577	555.2	571	
24.08.2015	585.6	585.6	540.8	555.3	
21.08.2015	595.6	595.6	583.6	585.6	
20.08.2015	606.4	606.4	595.6	595.6	
19.08.2015	612.7	612.8	606.1	606.4	
18.08.2015	612.6	614.4	610.7	612.7	
17.08.2015	612.6	617.1	611.2	612.6	
14.08.2015	621	621.1	611.8	612.7	
13.08.2015	618	625.6	618	621	
12.08.2015	624.8	624.8	615	617.6	
11.08.2015	635.2	638	624.6	624.8	
10.08.2015	636.2	636.2	630	635.2	
07.08.2015	635.5	639.9	635.5	636.2	
06.08.2015	644.1	644.2	635.3	635.5	
05.08.2015	638.9	644.8	638.7	644.1	
04.08.2015	639.7	640	636.1	638.7	
03.08.2015	638.9	643.2	637.7	639.7	
31.07.2015	641.8	642.3	636	638.9	
30.07.2015	638.5	644.5	638.5	641.8	
29.07.2015	628.6	638.4	628.6	638.4	
28.07.2015	626.7	633	626.7	628.5	
27.07.2015	641.7	641.7	626.7	626.7	
24.07.2015	645.6	646.2	641.8	641.8	
23.07.2015	644.6	648.2	643.9	645.6	
22.07.2015	650.9	650.9	643.7	644.6	
21.07.2015	648.6	652.2	648.2	650.9	
20.07.2015	649	655.5	647.6	648.6	
17.07.2015	649.7	654.5	648.2	649.1	
16.07.2015	647.1	651.4	646.6	649.7	
15.07.2015	644.3	648.9	643.7	646.4	
14.07.2015	639.1	644.1	636.4	644	
13.07.2015	634.9	642.5	634.9	639.2	
10.07.2015	627.3	638.6	627.3	634.9	
09.07.2015	618.1	628.4	618	626.6	
08.07.2015	615.8	619.7	613.5	618.1	
07.07.2015	620.3	620.8	615.4	615.8	
06.07.2015	627.6	627.6	619.4	620.3	
03.07.2015	632.4	632.5	626.3	627.8	
02.07.2015	629.9	633.2	629.1	632.5	
01.07.2015	630.4	636.2	629.8	629.8	
30.06.2015	631.1	631.2	624.7	629.1	
29.06.2015	642.4	642.4	624.2	631.4	
26.06.2015	643.6	644.4	637.7	642.6	
25.06.2015	646.4	648	641.9	643.6	
24.06.2015	643.8	647.4	643.5	646.6	
23.06.2015	639.9	644.6	639.4	643.8	
22.06.2015	632.2	640	632.2	639.8	
19.06.2015	628.6	632.2	627.2	632.2	
18.06.2015	631.5	631.6	625.1	628.6	
17.06.2015	628.7	632.5	628.7	631.6	
16.06.2015	627.4	629	620.9	628.6	
15.06.2015	636.3	636.3	627.1	627.4	
12.06.2015	646	646	636.6	636.6	
11.06.2015	643.6	649.2	643.5	646	
10.06.2015	643.5	644.3	641.2	643.7	
09.06.2015	651.7	651.7	640.3	643.5	
08.06.2015	650.1	651.7	647.1	651.7	
05.06.2015	649.1	651.3	643.1	650.1	
04.06.2015	655	655	647.4	649.3	
03.06.2015	650.6	656.6	649.5	655.3	
02.06.2015	645.1	650.6	641.4	650.6	
01.06.2015	645.7	660.5	639.2	645.1	
29.05.2015	645.6	647.3	642.1	645.7	
28.05.2015	646.6	647.6	640.7	645.4	
27.05.2015	643.3	647	640.9	646.5	
26.05.2015	652.4	652.5	643.1	643.3	
22.05.2015	652.9	656.7	649.2	652.4	
21.05.2015	650.7	653	650	652.9	
20.05.2015	651	652.1	648	651.1	
19.05.2015	653.1	656.7	649.9	651	
18.05.2015	653.7	657.6	651.7	653.1	
15.05.2015	658	660.1	653.3	653.6	
13.05.2015	651.3	660	651.3	657.9	
12.05.2015	654.3	654.3	647.4	651.3	
11.05.2015	648.1	655.9	648.1	654.3	
08.05.2015	641	648.7	641	648.1	
07.05.2015	645.9	646.9	640.2	641	
06.05.2015	649	654.1	645	646	
05.05.2015	647.9	650.2	644.1	649	
04.05.2015	639.4	649.3	639.3	647.9	
30.04.2015	632.2	640.5	631.9	639.4	
29.04.2015	644.9	646.5	631.9	632.2	
28.04.2015	652.1	652.1	644.5	644.9	
27.04.2015	651.4	652.8	645.2	652.1	
24.04.2015	651.1	654.5	648.1	651.4	
23.04.2015	646	651.5	640.9	651.1	
22.04.2015	655	655.1	645	646	
21.04.2015	651.4	656.7	651.4	655.1	
20.04.2015	651	654.7	649.5	651.4	
17.04.2015	660	660.1	649.4	651.2	
16.04.2015	661.4	666.7	659.7	660	
15.04.2015	656.5	661.3	656.4	661.3	
14.04.2015	656.9	659.7	653.2	656.3	
13.04.2015	656.3	658.9	654.5	656.9	
10.04.2015	645.1	656.4	645.1	656.3	
09.04.2015	642.8	646.3	639.6	645	
08.04.2015	644.8	648.6	641.8	642.8	
07.04.2015	622.9	645	622.4	644.8	
01.04.2015	619.2	623.4	615.3	622.2	
31.03.2015	619.6	623.3	616.3	619.2	
30.03.2015	616.5	621.2	616.1	619.5	
27.03.2015	611.4	616.6	611.4	616.5	
26.03.2015	616.7	619	608.4	611.4	
25.03.2015	621	621	615	616.6	
24.03.2015	622.3	622.8	618.2	621	
23.03.2015	623.1	624	618.8	622.4	
20.03.2015	614	623.2	613.2	623.2	
19.03.2015	617.7	622.9	612.4	614	
18.03.2015	611.5	617.7	611.5	617.6	
17.03.2015	610.8	615.5	610.4	611.5	
16.03.2015	611.4	612.1	606.8	610.8	
13.03.2015	612.4	616	610.1	611.5	
12.03.2015	608.7	617.6	608.7	612.4	
11.03.2015	603.5	609.3	603.3	608.7	
10.03.2015	614.3	615.3	601.3	603.5	
09.03.2015	618.3	618.4	613.1	614.3	
06.03.2015	616.5	621.5	616.5	618.3	
05.03.2015	609.3	616.9	609.3	616.6	
04.03.2015	616.9	616.9	606.8	609.3	
03.03.2015	613.6	617.7	613.4	616.9	
02.03.2015	615.7	619.5	611	613.3	
27.02.2015	619.5	619.7	613.2	615.6	
26.02.2015	617.6	620	617.1	619.4	
25.02.2015	614.5	617.9	611.9	617.5	
24.02.2015	613.6	615.5	609.5	614.5	
23.02.2015	614	619.6	611.3	613.6	
20.02.2015	614.5	617.3	612.7	614	
19.02.2015	620.7	621.3	613.1	614.5	
18.02.2015	616.4	622.9	616.4	620.7	
17.02.2015	621	622.6	615.8	616.4	
16.02.2015	616.7	621.5	616.7	621	
13.02.2015	611.4	616.7	609.9	616.7	
12.02.2015	603.5	613.8	603.5	611.4	
11.02.2015	615.2	620.6	603.4	603.5	
10.02.2015	617.6	618.9	612.6	615.2	
09.02.2015	615.7	618.2	611.8	617.6	
06.02.2015	612.3	616.2	609.8	615.7	
05.02.2015	605.5	613.9	602.2	612.3	
04.02.2015	614.5	615.9	602.9	605.5	
03.02.2015	601.8	614.7	601.8	614.7	
02.02.2015	596.4	604.4	594.7	601.8	
30.01.2015	597	600.3	593.8	596.2	
29.01.2015	599.2	599.3	594.4	596.6	
28.01.2015	597.6	604.2	597.6	599.2	
27.01.2015	603.4	605	595.9	597.4	
26.01.2015	602.8	604.1	595.1	603.4	
23.01.2015	599.3	604.5	599.3	603.3	
22.01.2015	593.9	599.9	593.1	599.3	
21.01.2015	588.7	593.9	587	593.9	
20.01.2015	592.8	593.1	586.1	588.6	
19.01.2015	579.1	592.8	579.1	592.8	
16.01.2015	579.6	583.1	574.6	578.8	
15.01.2015	575.3	582	567.2	579.7	
14.01.2015	582.7	582.7	571.8	575.3	
13.01.2015	573.6	584.6	572.7	582.7	
12.01.2015	580.4	580.7	573	573.6	
09.01.2015	579.6	584.4	578.9	580.4	
08.01.2015	573.6	581.1	573.6	580.1	
07.01.2015	570	575.5	566	573.4	
06.01.2015	565.5	570.6	561.1	570	
05.01.2015	579.3	582.9	565	565.5	
02.01.2015	576.3	581.4	573	579.4	
30.12.2014	580.5	580.7	574.3	576	
29.12.2014	582.4	585.1	577.8	580.7	
23.12.2014	581.3	583	578.8	582.8	
22.12.2014	577.6	586.9	577.6	580.4	
19.12.2014	573.7	579.2	567.1	577.6	
18.12.2014	552.1	573.7	552.1	573.7	
17.12.2014	536.3	552.1	536.1	552	
16.12.2014	542.2	542.8	532.5	536.2	
15.12.2014	544.7	551	540.9	542.3	
12.12.2014	553.3	553.3	544.2	544.7	
11.12.2014	554.9	556.6	550.4	553.3	
10.12.2014	553.5	559	553.3	554.9	
09.12.2014	561.8	561.8	551	553.5	
08.12.2014	567.7	568.1	560.2	561.9	
05.12.2014	569.7	570	565.9	567.7	
04.12.2014	574.9	576.4	566.9	568.9	
03.12.2014	570.3	575.3	570.3	574.9	
02.12.2014	564.2	575.5	564.2	570.3	
01.12.2014	566.3	566.5	556.4	564.2	
28.11.2014	582.2	582.4	560.9	566.3	
27.11.2014	596.8	596.8	581.4	582.2	
26.11.2014	604.9	605	596.3	596.8	
25.11.2014	607.5	608	602.6	606.1	
24.11.2014	606.6	609.9	606.2	607.5	
21.11.2014	600.3	608.6	600.3	606.6	
20.11.2014	602.3	604.8	597.9	600.3	
19.11.2014	600.9	604.6	599.5	602.3	
18.11.2014	598.3	605.5	598.3	600.9	
17.11.2014	598.6	599.9	592.5	598.3	
14.11.2014	587.2	599.2	587.2	598.6	
13.11.2014	590.8	592.9	585.4	587.2	
12.11.2014	593.7	594.8	589.3	590.8	
11.11.2014	591.8	594.2	590.8	593.7	
10.11.2014	587.7	594.9	587.7	591.6	
07.11.2014	584.7	590.6	584.7	587.7	
06.11.2014	585.2	589.1	582.8	584.7	
05.11.2014	578	585.5	577	585.2	
04.11.2014	584.9	584.9	577.4	578	
03.11.2014	585.3	590	584.4	585.2	
31.10.2014	581.1	588.8	581.1	585.3	
30.10.2014	585.8	586.5	572.8	581.1	
29.10.2014	579.2	587.5	576.9	585.8	
28.10.2014	571.2	579.3	571.2	579.2	
27.10.2014	574	581.5	568.5	571.2	
24.10.2014	573.1	575	571.2	573.6	
23.10.2014	574.6	575.7	564.7	573.1	
22.10.2014	567.2	574.6	562.6	574.6	
21.10.2014	548.6	567.2	546.4	567.1	
20.10.2014	553.6	555.7	545.1	548.6	
17.10.2014	532.9	553.6	532.9	553.5	
16.10.2014	547.3	552.5	528.4	532.8	
15.10.2014	558.2	560.3	539.8	547.3	
14.10.2014	555.5	562.4	552.3	558.2	
13.10.2014	552.6	560.6	547.1	555.5	
10.10.2014	563.2	563.2	550.4	552.7	
09.10.2014	570.9	579.8	562.8	563.2	
08.10.2014	574.5	574.5	567.1	570.9	
07.10.2014	584.6	584.6	572.3	574.5	
06.10.2014	584.4	586.7	580.4	584.5	
03.10.2014	585.8	591.7	582.4	584.6	
02.10.2014	602.6	602.6	585.7	585.8	
01.10.2014	609.3	609.8	601.3	602.8	
30.09.2014	607.2	611	607.2	609.4	
29.09.2014	606.9	616.6	605	607.2	
26.09.2014	604.7	607.3	599.4	606.8	
25.09.2014	608.6	612.5	604.6	604.7	
24.09.2014	608	610.7	603.5	608.6	
23.09.2014	615.7	617.7	607.5	608	
22.09.2014	618.3	618.3	613.9	615.7	
19.09.2014	619	621.8	618.2	618.3	
18.09.2014	617.1	621	617.1	619	
17.09.2014	613.1	618.5	613.1	617.1	
16.09.2014	612	613	609.2	612.9	
15.09.2014	613.8	613.8	609.6	612	
12.09.2014	611.1	615.5	611.1	613.9	
11.09.2014	612.8	615.9	609.3	611.1	
10.09.2014	613.7	614.5	610.7	612.8	
09.09.2014	615.5	617.2	613	613.7	
08.09.2014	616.2	618.2	614.7	615.5	
05.09.2014	621	621	615.3	616.1	
04.09.2014	617.7	622	615	621	
03.09.2014	615.3	619.9	614.2	617.7	
02.09.2014	613.6	616.6	613.1	615.3	
01.09.2014	610.2	615.8	610.2	613.6	
29.08.2014	613.6	615	609.8	610.2	
28.08.2014	616.1	616.9	612.2	613.6	
27.08.2014	615.2	617.3	613.9	616	
26.08.2014	610.4	615.2	609.5	615.2	
25.08.2014	606.2	610.9	606.2	610.1	
22.08.2014	608.3	610.3	604.1	606.2	
21.08.2014	607	608.8	605.4	608.3	
20.08.2014	603.8	607.1	603.3	607	
19.08.2014	602.1	605.3	601	603.8	
18.08.2014	600.9	605.5	600.7	602	
15.08.2014	596.7	601.3	595.5	600.9	
14.08.2014	594.5	597.2	592	596.7	
13.08.2014	593.6	596.6	593.6	594.5	
12.08.2014	601.3	602.2	593.5	593.6	
11.08.2014	588.3	601.9	588.3	601.2	
08.08.2014	594.7	594.7	582.3	588.3	
07.08.2014	602.5	602.5	594.3	594.8	
01.08.2014	612.3	612.3	603.3	606.2	
31.07.2014	616.3	619.1	611	612.3	
30.07.2014	619.9	619.9	616	616.3	
29.07.2014	617	620.3	616.1	619.9	
28.07.2014	622.2	622.2	616.5	616.9	
25.07.2014	626.3	626.3	619.1	622.2	
24.07.2014	626.8	628.8	625.3	626.3	
23.07.2014	624.7	628.6	624.2	626.8	
22.07.2014	618	624.7	618	624.7	
21.07.2014	615.6	618.4	612.4	618	
18.07.2014	621.7	621.7	615.6	615.6	
17.07.2014	624.4	625.3	620	621.8	
16.07.2014	617.7	624.5	617.7	624.4	
15.07.2014	616.2	620.1	616	617.7	
14.07.2014	608.4	616.3	608.3	616.2	
11.07.2014	606.8	610.7	606.4	608.3	
10.07.2014	619.9	619.9	605.3	606.8	
09.07.2014	619.5	623.4	619.1	619.9	
08.07.2014	628	628	619.4	619.5	
07.07.2014	628.1	630.5	627.8	628	
04.07.2014	628.8	629.8	626.6	628	
03.07.2014	622.7	628.8	622.6	628.8	
02.07.2014	622.5	626	621.4	622.7	
01.07.2014	617.9	622.5	617.9	622.5	
30.06.2014	617.4	620.2	616	617.9	
27.06.2014	616.5	619.5	616.1	617.3	
26.06.2014	618.3	620.9	614.7	616.5	
25.06.2014	627.3	627.3	612.2	618.3	
24.06.2014	631.1	632.4	626.7	627.4	
23.06.2014	629.5	632	629.2	631.2	
20.06.2014	630.9	631.4	627.9	629.5	
19.06.2014	623.8	630.9	623.8	630.9	
18.06.2014	614.8	623.8	614.8	623.8	
17.06.2014	620.7	620.8	613.7	614.7	
16.06.2014	622.9	622.9	618.6	620.7	
13.06.2014	622.5	624	618.7	622.9	
12.06.2014	618.8	622.5	616.2	622.5	
11.06.2014	621.6	622.8	616.1	618.8	
10.06.2014	620.8	623.8	618.4	621.6	
06.06.2014	616.5	620.8	616.1	620.8	
05.06.2014	609.2	619.6	609.2	616.7	
04.06.2014	612	612.2	606.1	609.2	
03.06.2014	610.8	612	608.8	612	
02.06.2014	605.3	611.5	605.3	610.8	
30.05.2014	605.5	607.6	604.2	605.3	
28.05.2014	604	607.5	602.6	605.4	
27.05.2014	600.9	605	600.9	604	
26.05.2014	601.9	606.4	600.6	600.8	
23.05.2014	599.1	601.8	597.3	601.8	
22.05.2014	595.3	599.1	595.3	599.1	
21.05.2014	591.7	595.3	591.5	595.2	
20.05.2014	594.5	595.2	589.5	591.8	
19.05.2014	593.6	596	591.6	594.4	
16.05.2014	594.6	597.5	588.5	593.6	
15.05.2014	597.8	600.8	594.4	595.5	
14.05.2014	595.8	598	595.2	597.8	
13.05.2014	596	597.2	593.5	595.5	
12.05.2014	589.4	596	588.4	596	
09.05.2014	589.1	589.5	586.1	589.4	
08.05.2014	583.8	589.1	583.8	589.1	
07.05.2014	583.2	586.1	579.6	583.8	