19.11.2025	6698	6733	6694	6732	24078
18.11.2025	6697	6709	6594	6640	2458941
17.11.2025	6765	6802	6659	6692	1825482
14.11.2025	6763	6796	6671	6755	2030285
13.11.2025	6873	6893	6746	6760	2002470
12.11.2025	6874	6901	6852	6876	1349610
11.11.2025	6857	6880	6831	6872	1304010
10.11.2025	6788	6866	6772	6857	1527659
07.11.2025	6763	6772	6656	6754	2043371
06.11.2025	6829	6844	6734	6748	1775391
05.11.2025	6801	6858	6749	6825	1404085
04.11.2025	6884	6884	6786	6802	1628191
03.11.2025	6878	6910	6850	6883	1305195
31.10.2025	6897	6919	6844	6874	1687133
30.10.2025	6907	6954	6851	6856	1763935
29.10.2025	6929	6952	6882	6923	1465603
28.10.2025	6914	6945	6902	6926	1161557
27.10.2025	6881	6916	6866	6908	1134684
24.10.2025	6778	6841	6777	6827	1203709
23.10.2025	6734	6786	6718	6775	1317624
22.10.2025	6776	6789	6691	6737	1844712
21.10.2025	6780	6790	6759	6773	1247214
20.10.2025	6721	6783	6694	6774	1146520
17.10.2025	6659	6718	6571	6703	2006974
16.10.2025	6715	6751	6632	6669	2158260
15.10.2025	6684	6715	6715	6715	1943187
14.10.2025	6691	6723	6593	6687	2089848
13.10.2025	6632	6712	6632	6695	1721986
10.10.2025	6780	6807	6540	6595	2458045
09.10.2025	6803	6812	6761	6779	1317118
08.10.2025	6766	6808	6758	6801	1002080
07.10.2025	6790	6803	6747	6762	1372773
06.10.2025	6768	6798	6767	6789	1042997
03.10.2025	6765	6800	6754	6764	1310007
02.10.2025	6757	6782	6742	6767	1133959
01.10.2025	6726	6770	6680	6762	1251401
30.09.2025	6708	6744	6693	6739	1427568
29.09.2025	6697	6736	6696	6714	1141836
26.09.2025	6663	6704	6653	6697	1275445
25.09.2025	6697	6705	6624	6660	1635162
24.09.2025	6718	6729	6678	6692	1189092
23.09.2025	6750	6757	6702	6715	1212386
22.09.2025	6716	6757	6695	6753	1017468
19.09.2025	6700	6732	6680	6723	1230434
18.09.2025	6665	6720	6664	6694	1474771
17.09.2025	6613	6629	6554	6659	494126
16.09.2025	6616	6639	6604	6611	776725
15.09.2025	6588	6624	6585	6622	1430629
12.09.2025	6596	6606	6576	6588	1491927
11.09.2025	6536	6600	6536	6593	1214267
10.09.2025	6532	6565	6523	6540	1330815
09.09.2025	6508	6536	6489	6522	1137402
08.09.2025	6484	6517	6480	6506	1121796
05.09.2025	6516	6542	6452	6490	1642981
04.09.2025	6460	6517	6455	6511	1127221
03.09.2025	6448	6464	6426	6457	1391224
02.09.2025	6479	6492	6372	6426	1740000
29.08.2025	6516	6518	6456	6473	1275716
28.08.2025	6485	6523	6471	6518	1101464
27.08.2025	6487	6506	6459	6496	917349
26.08.2025	6460	6488	6431	6483	1047052
25.08.2025	6493	6494	6453	6456	901883
22.08.2025	6392	6496	6364	6483	1355128
21.08.2025	6414	6419	6370	6388	1157322
20.08.2025	6433	6438	6363	6413	1528363
19.08.2025	6469	6478	6419	6433	1168457
18.08.2025	6467	6484	6456	6469	828527
15.08.2025	6489	6509	6462	6472	1059405
14.08.2025	6485	6496	6453	6491	1143946
13.08.2025	6468	6503	6461	6489	1058284
12.08.2025	6396	6470	6391	6469	1221863
11.08.2025	6423	6432	6388	6400	1032116
08.08.2025	6373	6426	6369	6414	1133568
07.08.2025	6371	6427	6335	6367	1396226
06.08.2025	6323	6380	6313	6371	1169246
05.08.2025	6370	6378	6316	6325	1358276
04.08.2025	6257	6370	6251	6356	1226805
01.08.2025	6360	6374	6240	6265	2207468
31.07.2025	6436	6469	6358	6374	1753007
30.07.2025	6404	6435	6367	6396	1235737
29.07.2025	6424	6443	6396	6406	1076369
28.07.2025	6450	6458	6409	6423	914967
25.07.2025	6407	6431	6401	6425	773668
24.07.2025	6404	6418	6392	6402	1020979
23.07.2025	6347	6407	6343	6396	1150659
22.07.2025	6347	6354	6319	6347	1092748
21.07.2025	6336	6374	6330	6345	893095
18.07.2025	6343	6357	6323	6335	977334
17.07.2025	6299	6346	6288	6341	982644
16.07.2025	6274	6309	6241	6303	1411006
15.07.2025	6310	6343	6273	6284	1231170
14.07.2025	6274	6315	6260	6311	879115
11.07.2025	6323	6330	6277	6300	1050375
10.07.2025	6306	6336	6288	6324	888918
09.07.2025	6272	6315	6260	6307	1092169
08.07.2025	6263	6289	6255	6272	1031240
07.07.2025	6308	6315	6246	6276	1193522
04.07.2025	6321	6323	6277	6284	121982
03.07.2025	6277	6333	6271	6324	678325
02.07.2025	6248	6280	6236	6275	986171
01.07.2025	6246	6262	6227	6249	1265390
30.06.2025	6223	6266	6223	6254	1253060
27.06.2025	6198	6239	6183	6224	1268374
26.06.2025	6145	6200	6141	6195	962463
25.06.2025	6145	6160	6131	6147	857859
24.06.2025	6078	6155	6075	6146	1003371
23.06.2025	5964	6082	5959	6077	1299334
20.06.2025	6038	6071	5970	6018	1564799
18.06.2025	5977	6021	5965	6034	385947
17.06.2025	6039	6041	5977	5985	828298
16.06.2025	5949	6055	5944	6036	1642531
13.06.2025	6045	6045	5928	5979	2051514
12.06.2025	6022	6051	5988	6050	1250123
11.06.2025	6039	6075	6006	6029	1518971
10.06.2025	6012	6050	5991	6045	1030262
09.06.2025	6010	6028	5992	6010	843816
06.06.2025	5932	6025	5930	6007	1225850
05.06.2025	5974	6017	5929	5946	1519232
04.06.2025	5980	5999	5974	5981	1054166
03.06.2025	5949	5991	5909	5982	1116881
02.06.2025	5899	5956	5868	5947	1155314
30.05.2025	5912	5933	5853	5916	1553154
29.05.2025	5924	6008	5884	5923	1371939
28.05.2025	5941	5953	5890	5903	1131890
27.05.2025	5820	5942	5813	5934	1230729
23.05.2025	5869	5872	5757	5817	1464001
22.05.2025	5858	5895	5829	5857	1360777
21.05.2025	5954	5958	5848	5861	1479375
20.05.2025	5980	5994	5927	5960	1064032
19.05.2025	5930	5987	5893	5983	1193047
16.05.2025	5935	5978	5923	5976	1078757
15.05.2025	5904	5945	5867	5933	1229956
14.05.2025	5902	5925	5890	5909	1147985
13.05.2025	5868	5927	5836	5905	1264661
12.05.2025	5761	5876	5734	5865	1678212
09.05.2025	5689	5715	5663	5678	983852
08.05.2025	5643	5741	5637	5685	1355152
07.05.2025	5609	5690	5596	5652	1329639
06.05.2025	5666	5673	5605	5626	1249409
05.05.2025	5705	5706	5655	5672	954349
02.05.2025	5609	5725	5601	5709	1316669
01.05.2025	5618	5683	5602	5623	1310727
30.04.2025	5580	5626	5456	5587	1714926
29.04.2025	5543	5597	5522	5584	1168270
28.04.2025	5544	5579	5492	5553	1134526
25.04.2025	5529	5562	5480	5550	1268269
24.04.2025	5409	5542	5355	5511	1348742
23.04.2025	5380	5500	5378	5402	1753442
22.04.2025	5183	5339	5172	5315	1503929
21.04.2025	5284	5307	5127	5185	1138096
20.04.2025	5308	5371	5286	5313	0
17.04.2025	5308	5371	5286	5313	1298467
16.04.2025	5404	5425	5251	5306	1483373
15.04.2025	5432	5485	5413	5428	1110818
14.04.2025	5453	5498	5391	5441	1244207
11.04.2025	5299	5418	5206	5391	1676708
10.04.2025	5503	5529	5147	5302	2395990
09.04.2025	5006	5520	4872	5491	2874942
08.04.2025	5127	5305	4941	5020	2329757
07.04.2025	5007	5287	4832	5097	3514131
04.04.2025	5423	5435	5074	5110	3453209
03.04.2025	5551	5565	5415	5433	2349142
02.04.2025	5672	5773	5566	5712	1990278
01.04.2025	5644	5695	5600	5675	1811916
31.03.2025	5590	5673	5534	5653	2097675
28.03.2025	5742	5748	5602	5623	1824145
27.03.2025	5737	5780	5720	5739	1511372
26.03.2025	5831	5837	5743	5760	1414582
25.03.2025	5813	5837	5802	5827	1018204
24.03.2025	5740	5826	5739	5816	1339771
21.03.2025	5715	5724	5651	5718	1485943
20.03.2025	5732	5765	5683	5713	1670826
19.03.2025	5619	5719	5606	5730	612607
18.03.2025	5680	5686	5600	5618	1072685
17.03.2025	5627	5708	5599	5680	1964480
14.03.2025	5540	5649	5539	5640	2074025
13.03.2025	5597	5623	5509	5528	2057715
12.03.2025	5580	5675	5550	5605	1899100
11.03.2025	5622	5652	5534	5577	2537306
10.03.2025	5753	5758	5572	5621	2478998
07.03.2025	5766	5791	5673	5776	2245481
06.03.2025	5845	5854	5720	5746	2487274
05.03.2025	5832	5870	5751	5851	2226853
04.03.2025	5874	5884	5744	5790	3257154
03.03.2025	5968	6001	5822	5861	2525355
28.02.2025	5883	5971	5848	5963	2673821
27.02.2025	5980	6015	5873	5876	2507518
26.02.2025	5982	6024	5946	5971	1853468
25.02.2025	6007	6016	5924	5970	2150829
24.02.2025	6041	6068	5995	6001	1738827
21.02.2025	6133	6143	6025	6029	1833282
20.02.2025	6154	6160	6103	6137	1339618
19.02.2025	6144	6167	6129	6163	1028044
18.02.2025	6138	6158	6118	6147	1150195
14.02.2025	6132	6147	6121	6132	967221
13.02.2025	6080	6138	6054	6135	1446146
12.02.2025	6091	6098	6021	6073	1485271
11.02.2025	6086	6099	6058	6092	985518
10.02.2025	6016	6096	6014	6089	961904
07.02.2025	6090	6123	6041	6050	1614985
06.02.2025	6090	6109	6070	6106	1112576
05.02.2025	6043	6092	6020	6087	1145763
04.02.2025	6069	6069	5987	6063	1274201
03.02.2025	5982	6062	5936	6022	2242598
31.01.2025	6106	6148	6058	6067	1769512
30.01.2025	6069	6116	6057	6099	1541196
29.01.2025	6091	6112	6042	6068	1500059
28.01.2025	6060	6106	6024	6097	1525156
27.01.2025	6102	6105	5948	6047	2288964
24.01.2025	6148	6162	6122	6133	1186904
23.01.2025	6120	6154	6102	6152	1071365
22.01.2025	6094	6136	6087	6121	1154302
21.01.2025	6032	6093	5995	6084	1647839
17.01.2025	5970	6052	5968	6034	1326076
16.01.2025	5989	6018	5962	5976	1508853
15.01.2025	5892	6001	5880	5989	1559024
14.01.2025	5887	5919	5843	5882	1779243
13.01.2025	5865	5883	5809	5875	1699554
10.01.2025	5944	5959	5845	5866	2006438
09.01.2025	5955	5957	5929	5945	113406
08.01.2025	5956	5975	5917	5959	1702891
07.01.2025	6028	6046	5935	5954	1685643
06.01.2025	5995	6068	5981	6021	1460382
03.01.2025	5921	5997	5911	5990	1145157
02.01.2025	5949	5995	5875	5917	1723792
31.12.2024	5955	5983	5917	5936	1265308
30.12.2024	6029	6036	5918	5959	1495616
27.12.2024	6092	6095	5983	6027	1542320
26.12.2024	6099	6108	6063	6095	840404
24.12.2024	6038	6100	6030	6098	582166
23.12.2024	6002	6043	5965	6036	1303311
22.12.2024	6002	6002	6002	6002	0
20.12.2024	5945	6051	5866	6002	2133581
19.12.2024	5945	5945	5945	5934	2289630
18.12.2024	6054	6075	5840	5940	745779
17.12.2024	6077	6079	6041	6054	1025012
16.12.2024	6077	6077	6077	6081	1528460
13.12.2024	6065	6085	6041	6056	1875541
12.12.2024	6088	6088	6056	6061	1486550
11.12.2024	6088	6088	6088	6093	1203969
10.12.2024	6065	6075	6040	6046	1270951
09.12.2024	6065	6065	6065	6066	78
06.12.2024	6086	6111	6076	6099	1077722
05.12.2024	6095	6107	6082	6089	1052120
04.12.2024	6067	6102	6063	6099	1053871
03.12.2024	6064	6071	6048	6063	926864
02.12.2024	6052	6064	6064	6062	36
29.11.2024	6015	6060	6015	6052	792143
27.11.2024	6042	6047	6000	6015	1094063
26.11.2024	6013	6044	5976	6038	1269220
25.11.2024	6006	6040	5983	6007	1539287
22.11.2024	5967	5994	5941	5987	1469851
21.11.2024	5937	5985	5905	5971	1790349
20.11.2024	5938	5958	5880	5938	1517579
19.11.2024	5919	5948	5855	5939	1549086
18.11.2024	5900	5933	5887	5920	1265941
15.11.2024	5972	5974	5877	5897	1849440
14.11.2024	6018	6025	5964	5978	1474389
13.11.2024	6012	6035	5992	6016	1363429
12.11.2024	6029	6037	5987	6013	1326905
11.11.2024	6030	6053	6014	6032	1014762
08.11.2024	6008	6041	5990	6025	1060434
07.11.2024	5964	6013	5951	6004	1214977
06.11.2024	5820	5967	5815	5958	1906403
05.11.2024	5752	5823	5735	5812	1142397
04.11.2024	5742	5777	5724	5743	1276183
01.11.2024	5742	5804	5733	5758	1517744
31.10.2024	5840	5844	5733	5739	1867451
30.10.2024	5883	5893	5840	5852	1284555
29.10.2024	5867	5884	5838	5871	1135860
28.10.2024	5857	5885	5857	5862	986142
25.10.2024	5853	5901	5835	5846	1296451
24.10.2024	5844	5870	5823	5849	1118172
23.10.2024	5887	5894	5801	5838	1406041
22.10.2024	5901	5904	5861	5893	995338
21.10.2024	5912	5916	5865	5896	1020151
18.10.2024	5888	5916	5876	5906	882639
17.10.2024	5883	5927	5871	5887	1164598
16.10.2024	5861	5893	5853	5887	888279
15.10.2024	5914	5916	5850	5863	1280813
14.10.2024	5855	5919	5850	5908	843353
11.10.2024	5831	5868	5816	5860	956796
10.10.2024	5836	5844	5812	5829	1060084
09.10.2024	5836	5836	5836	5841	1057716
08.10.2024	5753	5807	5725	5801	1089666
07.10.2024	5802	5808	5734	5745	1142137
06.10.2024	5802	5802	5802	5800	0
04.10.2024	5746	5805	5741	5800	1376793
03.10.2024	5770	5773	5726	5750	1364316
02.10.2024	5760	5773	5724	5760	1191630
01.10.2024	5807	5823	5733	5760	1855403
30.09.2024	5784	5820	5756	5814	1354343
27.09.2024	5804	5822	5782	5791	1183555
26.09.2024	5784	5830	5778	5805	1276350
25.09.2024	5784	5784	5784	5779	973563
24.09.2024	5774	5794	5755	5792	1113470
23.09.2024	5762	5785	5745	5777	1014348
20.09.2024	5776	5777	5734	5762	1447611
19.09.2024	5693	5798	5691	5778	1678513
18.09.2024	5640	5696	5614	5680	557702
17.09.2024	5640	5640	5640	5639	3
16.09.2024	5623	5642	5609	5638	1540256
13.09.2024	5597	5642	5597	5630	1627977
12.09.2024	5599	5599	5599	5602	1642442
11.09.2024	5499	5568	5412	5561	2201238
10.09.2024	5499	5506	5448	5504	1479472
09.09.2024	5410	5493	5405	5480	34
06.09.2024	5513	5533	5394	5420	2283428
05.09.2024	5513	5513	5513	5512	1683837
04.09.2024	5539	5565	5507	5530	1700230
03.09.2024	5656	5670	5517	5542	1816438
30.08.2024	5619	5665	5594	5661	1465666
29.08.2024	5581	5664	5561	5610	1515811
28.08.2024	5644	5651	5576	5610	1315459
27.08.2024	5630	5650	5612	5645	974745
26.08.2024	5651	5669	5620	5637	1060298
23.08.2024	5598	5662	5598	5653	1352515
22.08.2024	5642	5665	5583	5594	1335513
21.08.2024	5620	5655	5614	5642	1014239
20.08.2024	5630	5644	5608	5620	974464
19.08.2024	5630	5630	5630	5630	932450
16.08.2024	5569	5586	5537	5578	1064944
15.08.2024	5481	5572	5472	5568	1348195
14.08.2024	5458	5488	5439	5477	1244351
13.08.2024	5373	5461	5368	5459	1199349
12.08.2024	5364	5397	5348	5370	1166272
09.08.2024	5348	5385	5320	5370	1351723
08.08.2024	5208	5361	5182	5348	1833642
07.08.2024	5242	5359	5197	5228	2144762
06.08.2024	5250	5342	5222	5266	2076368
05.08.2024	5330	5346	5120	5218	3284593
02.08.2024	5464	5473	5332	5376	3134217
01.08.2024	5464	5464	5464	5480	2661970
31.07.2024	5455	5589	5452	5558	2027670
30.07.2024	5505	5528	5433	5473	1985158
29.07.2024	5505	5505	5505	5503	1644459
26.07.2024	5446	5528	5445	5499	1893242
25.07.2024	5483	5533	5433	5441	2794450
24.07.2024	5585	5483	5462	5472	2053689
23.07.2024	5608	5630	5588	5599	1334808
22.07.2024	5608	5608	5608	5611	1614812
19.07.2024	5603	5608	5542	5554	2020989
18.07.2024	5644	5664	5570	5595	2435694
17.07.2024	5715	5718	5632	5639	1969081
16.07.2024	5689	5721	5673	5717	1422720
15.07.2024	5681	5719	5666	5683	1637119
12.07.2024	5639	5708	5621	5665	1597947
11.07.2024	5684	5708	5630	5640	1895666
10.07.2024	5632	5691	5631	5688	1110369
09.07.2024	5628	5646	5626	5631	1010937
08.07.2024	5612	5638	5611	5625	914889
05.07.2024	5591	5626	5585	5622	1157097
03.07.2024	5564	5596	5560	5590	734826
02.07.2024	5534	5570	5503	5569	1241632
01.07.2024	5534	5541	5505	5534	1352111
28.06.2024	5548	5585	5511	5522	1715837
27.06.2024	5533	5555	5516	5546	1165306
26.06.2024	5535	5552	5516	5544	1125047
25.06.2024	5516	5540	5511	5537	1073389
24.06.2024	5539	5559	5510	5517	1339526
21.06.2024	5545	5551	5519	5534	1252949
20.06.2024	5493	5588	5526	5545	1777562
18.06.2024	5480	5494	5474	5491	754565
17.06.2024	5436	5494	5425	5479	1513395
14.06.2024	5436	5443	5398	5438	1709524
13.06.2024	5436	5453	5409	5439	1592207
12.06.2024	5436	5436	5436	5428	71
11.06.2024	5370	5386	5335	5384	1360377
10.06.2024	5352	5376	5338	5371	1150073
07.06.2024	5362	5386	5329	5356	1509891
06.06.2024	5368	5373	5345	5364	1193856
05.06.2024	5305	5368	5303	5366	1379397
04.06.2024	5300	5312	5262	5304	1641395
03.06.2024	5300	5300	5300	5297	1737779
31.05.2024	5251	5307	5206	5296	2300024
30.05.2024	5271	5277	5238	5253	1413748
29.05.2024	5324	5324	5268	5284	1385709
28.05.2024	5322	5339	5297	5325	1346361
24.05.2024	5286	5329	5286	5322	1201691
23.05.2024	5339	5368	5274	5285	1937715
22.05.2024	5344	5349	5307	5328	1202197
21.05.2024	5332	5348	5323	5345	949556
20.05.2024	5329	5348	5324	5332	987028
17.05.2024	5318	5329	5306	5327	993169
16.05.2024	5332	5349	5316	5320	1165251
15.05.2024	5269	5337	5266	5333	1332294
14.05.2024	5242	5274	5217	5270	1189329
13.05.2024	5241	5264	5233	5246	891013
10.05.2024	5241	5264	5233	5246	1060008
09.05.2024	5209	5245	5195	5239	1050480
08.05.2024	5212	5218	5189	5213	973264
07.05.2024	5205	5227	5202	5214	1064864
06.05.2024	5167	5208	5156	5207	974811
03.05.2024	5110	5167	5099	5155	1545052
02.05.2024	5057	5113	5036	5092	1509896
01.05.2024	5050	5127	5038	5047	1901296
30.04.2024	5149	5149	5051	5067	1585070
29.04.2024	5140	5154	5119	5147	1130540
26.04.2024	5132	5147	5105	5132	1384989
25.04.2024	5070	5133	5022	5082	1837301
24.04.2024	5115	5129	5072	5108	1457173
23.04.2024	5051	5114	5038	5107	1309675
22.04.2024	5014	5077	5006	5048	1528228
19.04.2024	5047	5058	4964	5004	2263152
18.04.2024	5063	5095	5039	5049	1652028
17.04.2024	5096	5121	5047	5062	1877447
16.04.2024	5101	5123	5079	5093	2037236
15.04.2024	5167	5213	5094	5104	2157602
12.04.2024	5244	5249	5150	5168	1907623
11.04.2024	5202	5258	5174	5243	1692212
10.04.2024	5264	5285	5177	5208	2284101
09.04.2024	5258	5274	5208	5260	1592335
08.04.2024	5263	5269	5237	5253	1116167
05.04.2024	5200	5273	5192	5253	1839442
04.04.2024	5271	5309	5193	5197	1836002
03.04.2024	5263	5281	5245	5267	1322379
02.04.2024	5295	5296	5235	5261	1347972
01.04.2024	5314	5334	5282	5295	1070743
31.03.2024	5308	5321	5301	5309	0
28.03.2024	5308	5321	5301	5309	1130905
27.03.2024	5273	5314	5271	5308	1370141
26.03.2024	5281	5301	5263	5265	1023911
25.03.2024	5291	5295	5273	5278	853601
22.03.2024	5307	5312	5288	5293	1045117
21.03.2024	5295	5323	5294	5303	1250108
20.03.2024	5240	5298	5233	5287	1322349
19.03.2024	5215	5245	5186	5242	1319540
18.03.2024	5186	5240	5182	5215	1308123
15.03.2024	5216	5231	5168	5183	1774769
14.03.2024	5237	5254	5188	5218	2145208
13.03.2024	5176	5184	5153	5233	509190
12.03.2024	5129	5183	5113	5177	1168126
11.03.2024	5133	5133	5095	5123	1788469
08.03.2024	5159	5193	5122	5129	2677878
07.03.2024	5114	5171	5087	5162	1719540
06.03.2024	5091	5135	5084	5112	1920664
05.03.2024	5134	5136	5063	5086	1796408
04.03.2024	5142	5158	5132	5138	1162561
01.03.2024	5102	5149	5089	5146	1516626
29.02.2024	5072	5115	5060	5104	1701019
28.02.2024	5091	5091	5063	5081	1139888
27.02.2024	5078	5093	5067	5090	982106
26.02.2024	5095	5108	5076	5080	1040748
23.02.2024	5094	5124	5092	5102	1290926
22.02.2024	5016	5108	5015	5098	1664539
21.02.2024	4990	5021	4959	4996	1409650
20.02.2024	5017	5030	4968	4992	1539832
16.02.2024	5050	5059	5013	5020	1459381
15.02.2024	5018	5052	5011	5047	1309895
14.02.2024	4974	5023	4969	5018	23
13.02.2024	4974	4974	4974	4971	2007165
12.02.2024	5043	5067	5032	5041	1081474
09.02.2024	5015	5049	5013	5044	1146996
08.02.2024	5016	5020	5004	5018	955961
07.02.2024	4972	5020	4970	5015	1273023
06.02.2024	4960	4978	4955	4975	1219053
05.02.2024	4960	4960	4960	4962	1410573
02.02.2024	4953	4998	4926	4980	1862460
01.02.2024	4875	4964	4873	4929	1743997
31.01.2024	4930	4938	4866	4871	2162797
30.01.2024	4950	4957	4933	4951	1080704
29.01.2024	4909	4956	4902	4955	1140078
26.01.2024	4919	4934	4899	4916	1279250
25.01.2024	4900	4927	4893	4923	1460518
24.01.2024	4900	4933	4889	4898	1509725
23.01.2024	4882	4902	4874	4895	1087303
22.01.2024	4873	4898	4873	4881	1267335
19.01.2024	4811	4874	4809	4870	1760652
18.01.2024	4768	4817	4764	4811	1661008
17.01.2024	4800	4801	4746	4771	1600901
16.01.2024	4812	4823	4780	4799	1831803
12.01.2024	4811	4837	4792	4817	1459927
11.01.2024	4821	4838	4773	4816	1741307
10.01.2024	4791	4829	4786	4820	1301882
09.01.2024	4798	4804	4768	4793	1297105
08.01.2024	4736	4803	4715	4801	1342644
05.01.2024	4733	4760	4702	4735	1667317
04.01.2024	4750	4767	4727	4730	1302099
03.01.2024	4791	4791	4741	4747	1592015
02.01.2024	4818	4828	4766	4787	1550639
29.12.2023	4835	4841	4797	4820	1130983
28.12.2023	4835	4842	4828	4832	849708
27.12.2023	4828	4837	4817	4834	951112
26.12.2023	4800	4835	4800	4825	626712
22.12.2023	4796	4822	4785	4805	1261298
21.12.2023	4751	4798	4751	4797	1625081
20.12.2023	4819	4831	4743	4750	1624163
19.12.2023	4791	4822	4788	4820	1063293
18.12.2023	4771	4802	4770	4793	1078150
15.12.2023	4768	4789	4757	4768	1653100
14.12.2023	4761	4792	4746	4774	2146443
13.12.2023	4649	4712	4645	4761	665685
12.12.2023	4625	4650	4611	4646	984569
11.12.2023	4608	4627	4600	4626	1589290
08.12.2023	4587	4614	4562	4608	2174896
07.12.2023	4556	4596	4549	4590	1766604
06.12.2023	4573	4599	4552	4556	1777353
05.12.2023	4573	4586	4556	4575	1824439
04.12.2023	4603	4605	4554	4577	1750819
01.12.2023	4572	4608	4563	4601	1834250
30.11.2023	4562	4580	4545	4577	1954217
29.11.2023	4564	4597	4556	4559	1539031
28.11.2023	4562	4577	4547	4563	1388083
27.11.2023	4569	4570	4552	4561	1065317
24.11.2023	4564	4574	4562	4568	535590
22.11.2023	4548	4581	4543	4567	1355297
21.11.2023	4562	4567	4537	4551	1057221
20.11.2023	4527	4571	4520	4562	1149135
17.11.2023	4528	4540	4513	4528	1245919
16.11.2023	4514	4530	4502	4523	1434564
15.11.2023	4516	4541	4511	4519	1511331
14.11.2023	4427	4524	4420	4511	1817927
13.11.2023	4426	4437	4407	4425	1228509
10.11.2023	4365	4436	4354	4431	1675775
09.11.2023	4393	4413	4358	4362	1905931
08.11.2023	4398	4408	4375	4400	1321842
07.11.2023	4380	4403	4366	4396	1317257
06.11.2023	4379	4390	4364	4384	1288525
03.11.2023	4328	4392	4326	4376	1698476
02.11.2023	4259	4340	4258	4336	1730360
01.11.2023	4205	4265	4191	4256	1956665
31.10.2023	4184	4215	4167	4212	1759682
30.10.2023	4148	4198	4144	4186	1827295
27.10.2023	4167	4185	4122	4138	2126555
26.10.2023	4202	4205	4146	4157	2343473
25.10.2023	4270	4274	4204	4210	1920595
24.10.2023	4250	4291	4242	4271	1759693
23.10.2023	4256	4281	4213	4242	1910670
20.10.2023	4295	4304	4244	4249	2239028
19.10.2023	4347	4367	4293	4303	2675927
18.10.2023	4398	4399	4331	4342	2205196
17.10.2023	4406	4423	4366	4402	1826002
16.10.2023	4357	4414	4355	4401	1625053
13.10.2023	4381	4408	4341	4357	2095234
12.10.2023	4418	4431	4356	4381	1828120
11.10.2023	4392	4420	4377	4410	1436270
10.10.2023	4369	4419	4366	4392	1558890
09.10.2023	4315	4376	4300	4369	1423256
06.10.2023	4288	4359	4242	4342	2126519
05.10.2023	4292	4302	4258	4291	1625316
04.10.2023	4263	4304	4236	4298	2098919
03.10.2023	4326	4336	4251	4265	2192628
02.10.2023	4349	4356	4296	4324	1896276
29.09.2023	4342	4371	4311	4326	2010406
28.09.2023	4323	4356	4301	4338	1946905
27.09.2023	4320	4337	4277	4314	1895421
26.09.2023	4382	4382	4306	4315	1675236
25.09.2023	4365	4384	4338	4379	1499084
22.09.2023	4370	4399	4357	4361	1651455
21.09.2023	4445	4447	4367	4372	1905970
20.09.2023	4491	4508	4443	4447	1421362
19.09.2023	4503	4510	4462	4490	1369869
18.09.2023	4500	4515	4487	4502	1113375
15.09.2023	4557	4566	4494	4498	1708046
14.09.2023	4521	4562	4519	4555	1600931
13.09.2023	4465	4481	4447	4518	630553
12.09.2023	4488	4491	4459	4465	1107335
11.09.2023	4464	4494	4459	4490	1667197
08.09.2023	4458	4478	4443	4462	1609138
07.09.2023	4470	4472	4434	4456	1540051
06.09.2023	4500	4504	4447	4472	1548802
05.09.2023	4521	4531	4499	4503	1344658
01.09.2023	4517	4548	4507	4522	1361863
31.08.2023	4527	4541	4513	4516	1338588
30.08.2023	4509	4531	4496	4524	1348246
29.08.2023	4444	4510	4434	4507	1379098
28.08.2023	4418	4450	4415	4442	1227769
25.08.2023	4385	4429	4365	4414	1804752
24.08.2023	4471	4486	4379	4386	1719836
23.08.2023	4400	4476	4400	4447	1250416
22.08.2023	4410	4440	4394	4399	1324620
21.08.2023	4383	4421	4372	4413	1321410
18.08.2023	4379	4396	4350	4383	1647490
17.08.2023	4421	4437	4378	4385	1561575
16.08.2023	4453	4467	4417	4420	1443745
15.08.2023	4506	4518	4447	4454	1431472
14.08.2023	4485	4508	4465	4506	1238849
11.08.2023	4488	4496	4459	4481	1459492
10.08.2023	4493	4545	4474	4486	2167441
09.08.2023	4517	4536	4478	4486	1583415
08.08.2023	4540	4541	4482	4519	1636934
07.08.2023	4501	4542	4501	4538	1353396
04.08.2023	4524	4561	4494	4498	1952777
03.08.2023	4534	4548	4506	4522	1703347
02.08.2023	4580	4594	4528	4537	1836607
01.08.2023	4618	4622	4591	4601	1149983
31.07.2023	4609	4619	4595	4615	1232065
28.07.2023	4566	4617	4558	4607	1492997
27.07.2023	4595	4635	4554	4564	1830338
26.07.2023	4605	4611	4574	4595	1310416
25.07.2023	4585	4609	4579	4596	1153263
24.07.2023	4564	4593	4560	4584	1155599
21.07.2023	4566	4590	4562	4565	1371204
20.07.2023	4593	4594	4557	4566	1459367
19.07.2023	4583	4609	4582	4597	1462235
18.07.2023	4550	4595	4545	4588	1220177
17.07.2023	4536	4566	4528	4554	1007630
14.07.2023	4540	4561	4531	4537	1316463
13.07.2023	4511	4552	4509	4544	1090440
12.07.2023	4471	4524	4470	4508	1693535
11.07.2023	4446	4479	4439	4474	1283342
10.07.2023	4438	4448	4411	4444	1307889
07.07.2023	4441	4476	4432	4434	1615615
06.07.2023	4482	4484	4420	4447	1656868
05.07.2023	4492	4494	4466	4484	1133118
03.07.2023	4486	4494	4480	4492	594940
30.06.2023	4435	4498	4433	4488	1620675
29.06.2023	4424	4438	4410	4436	1573727
28.06.2023	4414	4430	4399	4418	1621489
27.06.2023	4376	4425	4372	4419	1435057
26.06.2023	4390	4403	4369	4370	1557825
23.06.2023	4426	4426	4382	4389	1459981
22.06.2023	4410	4427	4393	4424	1325022
21.06.2023	4430	4439	4404	4409	1398293
20.06.2023	4458	4462	4411	4435	1480124
16.06.2023	4469	4494	4451	4454	1737890
15.06.2023	4423	4486	4394	4471	1952376
14.06.2023	4372	4395	4340	4419	704888
13.06.2023	4345	4378	4336	4372	1254923
12.06.2023	4307	4347	4305	4343	1568699
09.06.2023	4298	4326	4284	4305	2093206
08.06.2023	4273	4303	4263	4298	1622406
07.06.2023	4292	4305	4269	4274	1848093
06.06.2023	4280	4295	4269	4290	1505120
05.06.2023	4288	4306	4273	4281	1609967