13.02.2026	1838	1838	1812	1823	
12.02.2026	1828	1841	1828	1838	
11.02.2026	1826	1832	1822	1828	
10.02.2026	1823	1830	1821	1826	
09.02.2026	1816	1827	1814	1823	
06.02.2026	1767	1816	1767	1816	
05.02.2026	1765	1772	1753	1767	
04.02.2026	1760	1774	1756	1766	
03.02.2026	1758	1767	1752	1760	
02.02.2026	1760	1760	1732	1757	
30.01.2026	1756	1762	1748	1760	
29.01.2026	1750	1768	1750	1757	
28.01.2026	1743	1756	1743	1750	
27.01.2026	1737	1749	1733	1743	
26.01.2026	1733	1743	1733	1737	
23.01.2026	1726	1735	1724	1733	
22.01.2026	1732	1754	1723	1725	
21.01.2026	1725	1732	1712	1732	
20.01.2026	1720	1726	1710	1725	
19.01.2026	1751	1751	1721	1722	
16.01.2026	1732	1752	1730	1751	
15.01.2026	1729	1731	1717	1731	
14.01.2026	1716	1729	1709	1729	
13.01.2026	1704	1723	1704	1717	
12.01.2026	1697	1708	1697	1704	
09.01.2026	1684	1702	1684	1697	
08.01.2026	1682	1689	1681	1684	
07.01.2026	1698	1698	1675	1681	
06.01.2026	1687	1701	1687	1698	
05.01.2026	1697	1711	1686	1687	
02.01.2026	1688	1701	1688	1697	
31.12.2025	1688	1688	1688	1688	
30.12.2025	1676	1691	1676	1688	
29.12.2025	1667	1679	1666	1676	
24.12.2025	1667	1667	1667	1667	
23.12.2025	1662	1668	1659	1667	
22.12.2025	1661	1668	1658	1662	
19.12.2025	1650	1663	1648	1660	
18.12.2025	1650	1653	1647	1650	
17.12.2025	1637	1654	1637	1650	
16.12.2025	1647	1647	1636	1636	
15.12.2025	1643	1650	1641	1647	
12.12.2025	1641	1647	1639	1643	
11.12.2025	1629	1644	1629	1641	
10.12.2025	1638	1641	1628	1628	
09.12.2025	1640	1646	1638	1638	
08.12.2025	1633	1641	1629	1640	
05.12.2025	1625	1636	1625	1632	
04.12.2025	1616	1627	1613	1625	
03.12.2025	1605	1621	1605	1616	
02.12.2025	1606	1610	1602	1605	
01.12.2025	1610	1610	1600	1606	
28.11.2025	1608	1613	1606	1610	
27.11.2025	1597	1610	1596	1608	
26.11.2025	1586	1599	1586	1597	